Файлы: f:/1amicorpus/loud
Модель: 4

F1-score (weighted)
Среднее по датасету: 0.4207989359453078
Объединенные результаты по датасету: 0.44430462383662206

              precision    recall  f1-score   support

           0       0.00      0.00      0.00         0
           1       0.55      0.67      0.61     45478
           2       0.43      0.20      0.27     31209
           3       0.18      0.13      0.15      6891

    accuracy                           0.45     83578
   macro avg       0.29      0.25      0.26     83578
weighted avg       0.48      0.45      0.44     83578


Confusion matrix (Precision)
[[0.         0.         0.         0.        ]
 [0.74840183 0.55361628 0.4338316  0.3998363 ]
 [0.22636986 0.37888232 0.42553483 0.41948025]
 [0.02522831 0.0675014  0.14063357 0.18068345]]
Confusion matrix (Recall)
[[0.         0.         0.         0.        ]
 [0.14415761 0.67375434 0.13912221 0.04296583]
 [0.06353936 0.67192156 0.19885289 0.06568618]
 [0.03207082 0.54215644 0.2976346  0.12813815]]
