Файлы: f:/1amicorpus/loud
Модель: 4

F1-score (weighted)
Среднее по датасету: 0.41756117581509616
Объединенные результаты по датасету: 0.437078973034553

              precision    recall  f1-score   support

           0       0.31      0.71      0.43      5443
           1       0.55      0.67      0.60     45980
           2       0.42      0.20      0.27     31542
           3       0.15      0.07      0.09      6489
           4       0.02      0.03      0.02       464
           5       0.00      0.00      0.00         0
           6       0.00      0.00      0.00         0
           7       0.00      0.00      0.00         0
           8       0.00      0.00      0.00         0
           9       0.00      0.00      0.00         0
          10       0.00      0.00      0.00         0

    accuracy                           0.46     89918
   macro avg       0.13      0.15      0.13     89918
weighted avg       0.46      0.46      0.44     89918


Confusion matrix (Precision)
[[0.30544395 0.01259491 0.00780733 0.01289885 0.05263158 0.03892216
  0.08602151 0.15533981 0.23648649 0.3713355  0.53901561]
 [0.52005042 0.54720429 0.43211592 0.37915818 0.29781772 0.25149701
  0.24731183 0.31553398 0.33108108 0.42019544 0.33493397]
 [0.15693689 0.37376712 0.42265449 0.44195519 0.4338896  0.44311377
  0.3655914  0.36407767 0.27702703 0.1465798  0.09003601]
 [0.01670212 0.06286809 0.12624057 0.15105227 0.19897304 0.24550898
  0.28494624 0.1407767  0.12837838 0.05863192 0.02881152]
 [0.00086662 0.0035656  0.01118169 0.01493551 0.01668806 0.02095808
  0.01612903 0.02427184 0.02702703 0.00325733 0.00720288]
 [0.         0.         0.         0.         0.         0.
  0.         0.         0.         0.         0.        ]
 [0.         0.         0.         0.         0.         0.
  0.         0.         0.         0.         0.        ]
 [0.         0.         0.         0.         0.         0.
  0.         0.         0.         0.         0.        ]
 [0.         0.         0.         0.         0.         0.
  0.         0.         0.         0.         0.        ]
 [0.         0.         0.         0.         0.         0.
  0.         0.         0.         0.         0.        ]
 [0.         0.         0.         0.         0.         0.
  0.         0.         0.         0.         0.        ]]
Confusion matrix (Recall)
[[0.71229102 0.13044277 0.02167922 0.00698144 0.00753261 0.00238839
  0.00293956 0.00587911 0.00643028 0.02094433 0.08249127]
 [0.14356242 0.67087864 0.14204002 0.02429317 0.00504567 0.00182688
  0.00100043 0.00141366 0.00106568 0.00280557 0.00606786]
 [0.06315389 0.66799822 0.20252362 0.0412783  0.01071587 0.00469216
  0.00215586 0.00237778 0.00129985 0.00142667 0.00237778]
 [0.03267067 0.54615503 0.29403606 0.06857759 0.02388658 0.01263677
  0.00816767 0.0044691  0.00292803 0.00277393 0.00369857]
 [0.0237069  0.43318966 0.36422414 0.09482759 0.02801724 0.01508621
  0.00646552 0.01077586 0.00862069 0.00215517 0.01293103]
 [0.         0.         0.         0.         0.         0.
  0.         0.         0.         0.         0.        ]
 [0.         0.         0.         0.         0.         0.
  0.         0.         0.         0.         0.        ]
 [0.         0.         0.         0.         0.         0.
  0.         0.         0.         0.         0.        ]
 [0.         0.         0.         0.         0.         0.
  0.         0.         0.         0.         0.        ]
 [0.         0.         0.         0.         0.         0.
  0.         0.         0.         0.         0.        ]
 [0.         0.         0.         0.         0.         0.
  0.         0.         0.         0.         0.        ]]
