Файлы: f:/amicorpus_1
Модель: 10

F1-score (weighted)
Среднее по датасету: 0.4941428397174322
Объединенные результаты по датасету: 0.5035805057211501

              precision    recall  f1-score   support

           0       0.00      0.00      0.00         0
           1       0.77      0.49      0.60    225357
           2       0.25      0.25      0.25     65256
           3       0.06      0.11      0.08      9820
           4       0.01      0.12      0.02       624

    accuracy                           0.42    301057
   macro avg       0.22      0.19      0.19    301057
weighted avg       0.63      0.42      0.50    301057


Confusion matrix (Precision)
[[0.00000000e+00 0.00000000e+00 0.00000000e+00 0.00000000e+00
  0.00000000e+00]
 [7.75653531e-01 7.66149036e-01 6.93486227e-01 7.01482287e-01
  7.34676742e-01]
 [2.02786087e-01 2.06690985e-01 2.52969421e-01 2.33159732e-01
  1.93814722e-01]
 [2.08522998e-02 2.58676394e-02 5.00852919e-02 5.98637898e-02
  6.11530926e-02]
 [7.08082253e-04 1.29233976e-03 3.45905989e-03 5.49419104e-03
  1.03554436e-02]]
Confusion matrix (Recall)
[[0.         0.         0.         0.         0.        ]
 [0.23818208 0.48930364 0.19482865 0.05438926 0.02329637]
 [0.21504536 0.45586613 0.24543337 0.06243104 0.0212241 ]
 [0.14694501 0.37912424 0.32291242 0.10651731 0.04450102]
 [0.07852564 0.29807692 0.35096154 0.15384615 0.11858974]]
