F1-score (weighted)
Среднее по датасету: 0.3905160967595945
Объединенные результаты по датасету: 0.4306821809546823

              precision    recall  f1-score   support

         0.0       0.10      0.39      0.16     34639
         1.0       0.65      0.59      0.62    220635
         2.0       0.30      0.07      0.12     78587
         3.0       0.20      0.06      0.10     19037
         4.0       0.15      0.08      0.11      3386

    accuracy                           0.42    356284
   macro avg       0.28      0.24      0.22    356284
weighted avg       0.49      0.42      0.43    356284


Confusion matrix (Precision)
[[0.10252939 0.10635211 0.00375469 0.00537093 0.00764192]
 [0.58960105 0.65360624 0.58708803 0.37143337 0.18340611]
 [0.23221592 0.19938936 0.30126199 0.36908359 0.34497817]
 [0.06300668 0.03633533 0.09308511 0.20191339 0.31441048]
 [0.01264696 0.00431697 0.01481018 0.05219872 0.14956332]]
Confusion matrix (Recall)
[[3.89214469e-01 6.07378966e-01 2.07858195e-03 9.23814198e-04
  4.04168712e-04]
 [3.51390305e-01 5.86031228e-01 5.10254493e-02 1.00301403e-02
  1.52287715e-03]
 [3.88550269e-01 5.01915075e-01 7.35108860e-02 2.79817273e-02
  8.04204258e-03]
 [4.35205127e-01 3.77580501e-01 9.37647739e-02 6.31927299e-02
  3.02568682e-02]
 [4.91139988e-01 2.52215003e-01 8.38747785e-02 9.18487891e-02
  8.09214412e-02]]
