F1-score (weighted)
Среднее по датасету: 0.09465714704837995
Объединенные результаты по датасету: 0.08467843504507186

              precision    recall  f1-score   support

         0.0       0.25      0.95      0.40    103619
         1.0       0.63      0.01      0.02    491921
         2.0       0.17      0.08      0.11    102501
         3.0       0.02      0.11      0.04     13609
         4.0       0.00      0.68      0.01       827

    accuracy                           0.16    712477
   macro avg       0.22      0.37      0.11    712477
weighted avg       0.50      0.16      0.08    712477


Confusion matrix (Precision)
[[2.49980245e-01 2.03565365e-01 1.14733482e-02 9.94180407e-03
  1.56621284e-02]
 [6.38294889e-01 6.34295416e-01 8.04720905e-01 7.77804720e-01
  7.37639422e-01]
 [1.02114947e-01 1.47368421e-01 1.66121699e-01 1.86469447e-01
  2.06496994e-01]
 [9.23775755e-03 1.40916808e-02 1.70842604e-02 2.44907856e-02
  3.73818740e-02]
 [3.72161314e-04 6.79117148e-04 5.99787172e-04 1.29324281e-03
  2.81958165e-03]]
Confusion matrix (Recall)
[[0.94642874 0.01157124 0.00572289 0.0059352  0.03034193]
 [0.50903499 0.00759472 0.08455016 0.09781042 0.30100971]
 [0.39082546 0.00846821 0.08376504 0.11253549 0.40440581]
 [0.26629436 0.00609891 0.06488353 0.11132339 0.55139981]
 [0.17654172 0.00483676 0.03748489 0.09673519 0.68440145]]
