F1-score (weighted)
Среднее по датасету: 0.4206443420735943
Объединенные результаты по датасету: 0.41393207176871794

              precision    recall  f1-score   support

         0.0       0.18      0.91      0.31     34639
         1.0       0.66      0.51      0.57    220635
         2.0       0.39      0.06      0.10     78587
         3.0       0.34      0.05      0.09     19037
         4.0       0.25      0.16      0.19      3386

    accuracy                           0.42    356284
   macro avg       0.36      0.34      0.25    356284
weighted avg       0.53      0.42      0.41    356284


Confusion matrix (Precision)
[[0.18467258 0.01540187 0.02271203 0.03232534 0.06418122]
 [0.61610023 0.66137846 0.28243379 0.150504   0.05804625]
 [0.17284037 0.25411893 0.39146832 0.35766423 0.25153374]
 [0.02423817 0.06085398 0.2408649  0.33680918 0.37612081]
 [0.00214865 0.00824676 0.06252095 0.12269725 0.25011798]]
Confusion matrix (Recall)
[[9.10620976e-01 7.49444268e-02 7.82355149e-03 2.68483501e-03
  3.92621034e-03]
 [4.76955152e-01 5.05250754e-01 1.52740952e-02 1.96251728e-03
  5.57481814e-04]
 [3.75660096e-01 5.45026531e-01 5.94373115e-02 1.30937687e-02
  6.78229224e-03]
 [2.17471240e-01 5.38792877e-01 1.50969165e-01 5.09008772e-02
  4.18658402e-02]
 [1.08387478e-01 4.10513881e-01 2.20318960e-01 1.04252806e-01
  1.56526875e-01]]
