Файлы: f:/amicorpus_1
Модель: 8

F1-score (weighted)
Среднее по датасету: 0.3427363252602679
Объединенные результаты по датасету: 0.3591187825703815

              precision    recall  f1-score   support

           0       0.26      0.32      0.29     41489
           1       0.72      0.30      0.43    238272
           2       0.24      0.19      0.21     65950
           3       0.03      0.23      0.06      9816
           4       0.00      0.13      0.01       619
           5       0.00      0.00      0.00         0
           6       0.00      0.00      0.00         0
           7       0.00      0.00      0.00         0
           8       0.00      0.00      0.00         0
           9       0.00      0.00      0.00         0
          10       0.00      0.00      0.00         0

    accuracy                           0.28    356146
   macro avg       0.11      0.11      0.09    356146
weighted avg       0.56      0.28      0.36    356146


Confusion matrix (Precision)
[[2.60777709e-01 2.09603659e-02 2.43120700e-02 3.21653537e-02
  4.33571997e-02 8.50206314e-02 1.33819629e-01 2.20441879e-01
  1.45646111e-01 4.48978462e-01 5.04559927e-01]
 [5.88264604e-01 7.22932044e-01 6.90294715e-01 7.24479919e-01
  7.07488067e-01 6.97437866e-01 6.87002653e-01 6.53463376e-01
  6.92903626e-01 4.94933835e-01 4.46926771e-01]
 [1.38142029e-01 2.23924904e-01 2.40013290e-01 2.07258053e-01
  2.05698091e-01 1.79061510e-01 1.52519894e-01 1.08578822e-01
  1.42547258e-01 5.25441559e-02 4.52754843e-02]
 [1.25166922e-02 3.06582959e-02 4.23897749e-02 3.39523178e-02
  3.95286396e-02 3.53133097e-02 2.48010610e-02 1.61226115e-02
  1.73535792e-02 3.21133935e-03 3.02196320e-03]
 [2.98965579e-04 1.52439024e-03 2.99015009e-03 2.14435692e-03
  3.92800318e-03 3.16668266e-03 1.85676393e-03 1.39331210e-03
  1.54942671e-03 3.32207519e-04 2.15854514e-04]
 [0.00000000e+00 0.00000000e+00 0.00000000e+00 0.00000000e+00
  0.00000000e+00 0.00000000e+00 0.00000000e+00 0.00000000e+00
  0.00000000e+00 0.00000000e+00 0.00000000e+00]
 [0.00000000e+00 0.00000000e+00 0.00000000e+00 0.00000000e+00
  0.00000000e+00 0.00000000e+00 0.00000000e+00 0.00000000e+00
  0.00000000e+00 0.00000000e+00 0.00000000e+00]
 [0.00000000e+00 0.00000000e+00 0.00000000e+00 0.00000000e+00
  0.00000000e+00 0.00000000e+00 0.00000000e+00 0.00000000e+00
  0.00000000e+00 0.00000000e+00 0.00000000e+00]
 [0.00000000e+00 0.00000000e+00 0.00000000e+00 0.00000000e+00
  0.00000000e+00 0.00000000e+00 0.00000000e+00 0.00000000e+00
  0.00000000e+00 0.00000000e+00 0.00000000e+00]
 [0.00000000e+00 0.00000000e+00 0.00000000e+00 0.00000000e+00
  0.00000000e+00 0.00000000e+00 0.00000000e+00 0.00000000e+00
  0.00000000e+00 0.00000000e+00 0.00000000e+00]
 [0.00000000e+00 0.00000000e+00 0.00000000e+00 0.00000000e+00
  0.00000000e+00 0.00000000e+00 0.00000000e+00 0.00000000e+00
  0.00000000e+00 0.00000000e+00 0.00000000e+00]]
Confusion matrix (Recall)
[[0.3153607  0.0503748  0.02998385 0.05206199 0.02101762 0.02135506
  0.0243197  0.05338764 0.0113283  0.1954494  0.22536094]
 [0.12387104 0.3025324  0.14823815 0.20418261 0.05971747 0.03050295
  0.02173986 0.02755674 0.00938423 0.03751595 0.0347586 ]
 [0.10509477 0.33855951 0.18621683 0.21103867 0.06272934 0.02829416
  0.01743745 0.01654284 0.00697498 0.01438969 0.01272176]
 [0.06397718 0.31143032 0.22096577 0.23227384 0.08099022 0.03748981
  0.01905053 0.01650367 0.00570497 0.00590872 0.00570497]
 [0.02423263 0.24555735 0.24717286 0.23263328 0.1276252  0.05331179
  0.02261712 0.02261712 0.00807754 0.00969305 0.00646204]
 [0.         0.         0.         0.         0.         0.
  0.         0.         0.         0.         0.        ]
 [0.         0.         0.         0.         0.         0.
  0.         0.         0.         0.         0.        ]
 [0.         0.         0.         0.         0.         0.
  0.         0.         0.         0.         0.        ]
 [0.         0.         0.         0.         0.         0.
  0.         0.         0.         0.         0.        ]
 [0.         0.         0.         0.         0.         0.
  0.         0.         0.         0.         0.        ]
 [0.         0.         0.         0.         0.         0.
  0.         0.         0.         0.         0.        ]]
