Файлы: f:/amicorpus_1
Модель: 11

F1-score (weighted)
Среднее по датасету: 0.718345633640715
Объединенные результаты по датасету: 0.7058045380712863

              precision    recall  f1-score   support

           1       0.79      0.97      0.87    237878
           2       0.47      0.13      0.20     65949
           3       0.26      0.10      0.14      9816
           4       0.07      0.19      0.10       619

    accuracy                           0.76    314262
   macro avg       0.40      0.34      0.33    314262
weighted avg       0.71      0.76      0.71    314262


Confusion matrix (Precision)
[[7.90767019e-01 3.80445572e-01 2.19768084e-01 1.47935780e-01]
 [1.88542519e-01 4.72317194e-01 4.91441193e-01 4.48967890e-01]
 [1.99166328e-02 1.37145693e-01 2.62286030e-01 3.37155963e-01]
 [7.73828767e-04 1.00915408e-02 2.65046935e-02 6.59403670e-02]]
Confusion matrix (Recall)
[[0.9665669  0.02900226 0.00334625 0.00108459]
 [0.83126355 0.12987308 0.02699055 0.01187281]
 [0.58995518 0.25336186 0.09678077 0.0599022 ]
 [0.3634895  0.29563813 0.15508885 0.18578352]]
