Файлы: f:/amicorpus_1
Модель: 11

F1-score (weighted)
Среднее по датасету: 0.7462249099670858
Объединенные результаты по датасету: 0.7340761439846011

              precision    recall  f1-score   support

           0       0.99      1.00      0.99     34531
           1       0.79      0.96      0.87    238272
           2       0.47      0.13      0.20     65950
           3       0.26      0.10      0.14      9816
           4       0.07      0.19      0.10       619

    accuracy                           0.78    349188
   macro avg       0.52      0.48      0.46    349188
weighted avg       0.73      0.78      0.73    349188


Confusion matrix (Precision)
[[9.88690374e-01 0.00000000e+00 0.00000000e+00 0.00000000e+00
  0.00000000e+00]
 [1.12809941e-02 7.90767019e-01 3.80445572e-01 2.19768084e-01
  1.47935780e-01]
 [2.86319647e-05 1.88542519e-01 4.72317194e-01 4.91441193e-01
  4.48967890e-01]
 [0.00000000e+00 1.99166328e-02 1.37145693e-01 2.62286030e-01
  3.37155963e-01]
 [0.00000000e+00 7.73828767e-04 1.00915408e-02 2.65046935e-02
  6.59403670e-02]]
Confusion matrix (Recall)
[[1.00000000e+00 0.00000000e+00 0.00000000e+00 0.00000000e+00
  0.00000000e+00]
 [1.65357239e-03 9.64968607e-01 2.89543043e-02 3.34071985e-03
  1.08279613e-03]
 [1.51630023e-05 8.31250948e-01 1.29871114e-01 2.69901440e-02
  1.18726308e-02]
 [0.00000000e+00 5.89955175e-01 2.53361858e-01 9.67807661e-02
  5.99022005e-02]
 [0.00000000e+00 3.63489499e-01 2.95638126e-01 1.55088853e-01
  1.85783522e-01]]
