F1-score (weighted)
Среднее по датасету: 0.1230680645443002
Объединенные результаты по датасету: 0.11518325911086272

              precision    recall  f1-score   support

         0.0       0.24      0.96      0.38    103619
         1.0       0.79      0.03      0.06    491921
         2.0       0.15      0.11      0.13    102501
         3.0       0.02      0.16      0.04     13609
         4.0       0.00      0.57      0.01       827

    accuracy                           0.18    712477
   macro avg       0.24      0.37      0.12    712477
weighted avg       0.61      0.18      0.12    712477


Confusion matrix (Precision)
[[2.40596804e-01 7.63517846e-02 9.65215082e-03 7.82028844e-03
  1.26049328e-02]
 [6.41726350e-01 7.94988245e-01 8.25637281e-01 7.82815304e-01
  6.87189750e-01]
 [1.06645475e-01 1.18187647e-01 1.49442379e-01 1.84574315e-01
  2.45635921e-01]
 [1.05467955e-02 1.03654627e-02 1.45910781e-02 2.36713263e-02
  5.04717104e-02]
 [4.84575948e-04 1.06860440e-04 6.77110993e-04 1.11876648e-03
  4.09768606e-03]]
Confusion matrix (Recall)
[[0.95833776 0.01379091 0.00701609 0.00681342 0.01404183]
 [0.53842182 0.03024673 0.12641664 0.14366331 0.1612515 ]
 [0.4294202  0.02158028 0.10981356 0.16256427 0.27662169]
 [0.31986186 0.01425527 0.08075538 0.15702844 0.42809905]
 [0.24183797 0.00241838 0.06166868 0.12212817 0.5719468 ]]
