F1-score (weighted)
Среднее по датасету: 0.1128477547446347
Объединенные результаты по датасету: 0.11312907666896839

              precision    recall  f1-score   support

         0.0       0.15      0.95      0.26     23184
         1.0       0.71      0.03      0.06    152506
         2.0       0.27      0.15      0.19     52880
         3.0       0.06      0.22      0.10      8425
         4.0       0.01      0.43      0.02       561

    accuracy                           0.16    237556
   macro avg       0.24      0.36      0.13    237556
weighted avg       0.53      0.16      0.11    237556


Confusion matrix (Precision)
[[0.15019135 0.06320263 0.00563017 0.00724589 0.01329231]
 [0.64811417 0.70839046 0.68749152 0.61465951 0.56356923]
 [0.18018596 0.20976145 0.2684846  0.31170748 0.31704615]
 [0.02047847 0.01713737 0.0367657  0.06269708 0.09620513]
 [0.00103006 0.00150809 0.001628   0.00369004 0.00988718]]
Confusion matrix (Recall)
[[0.94966356 0.0198844  0.00716011 0.00931677 0.01397516]
 [0.62298533 0.03388063 0.1329128  0.12014609 0.09007514]
 [0.49950832 0.02893343 0.14969743 0.17571861 0.14614221]
 [0.35632047 0.0148368  0.12866469 0.22183976 0.27833828]
 [0.26916221 0.01960784 0.0855615  0.19607843 0.42959002]]
