F1-score (weighted)
Среднее по датасету: 0.14905732749290995
Объединенные результаты по датасету: 0.18405603964656855

              precision    recall  f1-score   support

         0.0       0.10      0.94      0.17     19556
         1.0       0.58      0.17      0.26    138968
         2.0       0.37      0.03      0.05     60517
         3.0       0.38      0.02      0.04     15621
         4.0       0.43      0.03      0.06      2894

    accuracy                           0.19    237556
   macro avg       0.37      0.24      0.12    237556
weighted avg       0.47      0.19      0.18    237556


Confusion matrix (Precision)
[[0.09620124 0.02382729 0.02607037 0.04       0.06632653]
 [0.59587232 0.58115704 0.29461636 0.07888889 0.05102041]
 [0.24477383 0.28913595 0.37155574 0.26       0.1122449 ]
 [0.05522199 0.08762374 0.23526918 0.38333333 0.33673469]
 [0.00793062 0.01825598 0.07248834 0.23777778 0.43367347]]
Confusion matrix (Recall)
[[9.42217222e-01 4.89875230e-02 6.28962978e-03 1.84086725e-03
  6.64757619e-04]
 [8.21275402e-01 1.68139428e-01 1.00023027e-02 5.10908986e-04
  7.19590121e-05]
 [7.74707933e-01 1.92094783e-01 2.89670671e-02 3.86668209e-03
  3.63534214e-04]
 [6.77101338e-01 2.25529736e-01 7.10581909e-02 2.20856539e-02
  4.22508162e-03]
 [5.24879060e-01 2.53628196e-01 1.18175536e-01 7.39460954e-02
  2.93711126e-02]]
