F1-score (weighted)
Среднее по датасету: 0.3255367277709703
Объединенные результаты по датасету: 0.30343247371475335

              precision    recall  f1-score   support

         0.0       0.16      0.86      0.27      4043
         1.0       0.46      0.64      0.54     33354
         2.0       0.46      0.05      0.08     27385
         3.0       0.49      0.02      0.05      6092
         4.0       0.18      0.05      0.08       451

    accuracy                           0.37     71325
   macro avg       0.35      0.33      0.20     71325
weighted avg       0.45      0.37      0.30     71325


Confusion matrix (Precision)
[[0.16022049 0.01036861 0.01901975 0.02302632 0.11811024]
 [0.52494258 0.46221168 0.16934894 0.05592105 0.03149606]
 [0.27666514 0.43041604 0.4608632  0.34210526 0.24409449]
 [0.03536977 0.09187325 0.31309437 0.49342105 0.42519685]
 [0.00280202 0.00513042 0.03767374 0.08552632 0.18110236]]
Confusion matrix (Recall)
[[8.62725699e-01 1.18971061e-01 1.28617363e-02 1.73138758e-03
  3.71011625e-03]
 [3.42627571e-01 6.42861426e-01 1.38813935e-02 5.09683996e-04
  1.19925646e-04]
 [2.19937922e-01 7.29121782e-01 4.60105897e-02 3.79769947e-03
  1.13200657e-03]
 [1.26395272e-01 6.99606041e-01 1.40512147e-01 2.46224557e-02
  8.86408404e-03]
 [1.35254989e-01 5.27716186e-01 2.28381375e-01 5.76496674e-02
  5.09977827e-02]]
