Файлы: f:/amicorpus_1
Модель: 9

F1-score (weighted)
Среднее по датасету: 0.4657122126447712
Объединенные результаты по датасету: 0.45617596783303577

              precision    recall  f1-score   support

           0       0.25      0.90      0.39    103408
           1       0.78      0.44      0.56    491933
           2       0.23      0.05      0.08    102502
           3       0.07      0.10      0.09     13609
           4       0.00      0.02      0.01       827
           5       0.00      0.00      0.00         0
           6       0.00      0.00      0.00         0
           7       0.00      0.00      0.00         0
           8       0.00      0.00      0.00         0
           9       0.00      0.00      0.00         0
          10       0.00      0.00      0.00         0

    accuracy                           0.44    712279
   macro avg       0.12      0.14      0.10    712279
weighted avg       0.61      0.44      0.46    712279


Confusion matrix (Precision)
[[2.50611125e-01 2.58688476e-02 5.36386449e-02 1.62891046e-02
  2.05622072e-02 2.80051702e-02 4.24657534e-02 6.01092896e-02
  5.85913783e-02 7.65276985e-02 1.01740572e-01]
 [6.48946498e-01 7.77272085e-01 6.72566768e-01 5.60355987e-01
  5.94221760e-01 5.70874623e-01 4.79908676e-01 4.64480874e-01
  4.39587128e-01 5.16276413e-01 3.57646084e-01]
 [9.34073765e-02 1.74023169e-01 2.28580391e-01 3.44390507e-01
  3.15720979e-01 3.22274882e-01 3.64840183e-01 3.31511840e-01
  3.70066788e-01 3.15819532e-01 3.67074182e-01]
 [6.82255180e-03 2.18394095e-02 4.23911095e-02 7.37864078e-02
  6.53305570e-02 7.32442913e-02 9.86301370e-02 1.32969035e-01
  1.19004250e-01 8.39520274e-02 1.53543307e-01]
 [2.12448401e-04 9.96488736e-04 2.82308657e-03 5.17799353e-03
  4.16449766e-03 5.60103404e-03 1.41552511e-02 1.09289617e-02
  1.27504554e-02 7.42432895e-03 1.99958558e-02]
 [0.00000000e+00 0.00000000e+00 0.00000000e+00 0.00000000e+00
  0.00000000e+00 0.00000000e+00 0.00000000e+00 0.00000000e+00
  0.00000000e+00 0.00000000e+00 0.00000000e+00]
 [0.00000000e+00 0.00000000e+00 0.00000000e+00 0.00000000e+00
  0.00000000e+00 0.00000000e+00 0.00000000e+00 0.00000000e+00
  0.00000000e+00 0.00000000e+00 0.00000000e+00]
 [0.00000000e+00 0.00000000e+00 0.00000000e+00 0.00000000e+00
  0.00000000e+00 0.00000000e+00 0.00000000e+00 0.00000000e+00
  0.00000000e+00 0.00000000e+00 0.00000000e+00]
 [0.00000000e+00 0.00000000e+00 0.00000000e+00 0.00000000e+00
  0.00000000e+00 0.00000000e+00 0.00000000e+00 0.00000000e+00
  0.00000000e+00 0.00000000e+00 0.00000000e+00]
 [0.00000000e+00 0.00000000e+00 0.00000000e+00 0.00000000e+00
  0.00000000e+00 0.00000000e+00 0.00000000e+00 0.00000000e+00
  0.00000000e+00 0.00000000e+00 0.00000000e+00]
 [0.00000000e+00 0.00000000e+00 0.00000000e+00 0.00000000e+00
  0.00000000e+00 0.00000000e+00 0.00000000e+00 0.00000000e+00
  0.00000000e+00 0.00000000e+00 0.00000000e+00]]
Confusion matrix (Recall)
[[9.01197199e-01 6.90372118e-02 1.15755067e-02 2.92047037e-03
  7.63964103e-04 6.28578060e-04 8.99350147e-04 3.19124246e-04
  1.86639332e-03 1.29583785e-03 9.49636392e-03]
 [4.90542411e-01 4.36041087e-01 3.05102524e-02 2.11187296e-02
  4.64087589e-03 2.69345622e-03 2.13646980e-03 5.18363273e-04
  2.94349027e-03 1.83764862e-03 7.01721576e-03]
 [3.38861681e-01 4.68527443e-01 4.97648826e-02 6.22914675e-02
  1.18339154e-02 7.29741859e-03 7.79496985e-03 1.77557511e-03
  1.18924509e-02 5.39501668e-03 3.45651792e-02]
 [1.86420751e-01 4.42868690e-01 6.95128224e-02 1.00521714e-01
  1.84436770e-02 1.24917334e-02 1.58718495e-02 5.36409729e-03
  2.88044676e-02 1.08016754e-02 1.08898523e-01]
 [9.55259976e-02 3.32527207e-01 7.61789601e-02 1.16082225e-01
  1.93470375e-02 1.57194680e-02 3.74848851e-02 7.25513906e-03
  5.07859734e-02 1.57194680e-02 2.33373640e-01]
 [0.00000000e+00 0.00000000e+00 0.00000000e+00 0.00000000e+00
  0.00000000e+00 0.00000000e+00 0.00000000e+00 0.00000000e+00
  0.00000000e+00 0.00000000e+00 0.00000000e+00]
 [0.00000000e+00 0.00000000e+00 0.00000000e+00 0.00000000e+00
  0.00000000e+00 0.00000000e+00 0.00000000e+00 0.00000000e+00
  0.00000000e+00 0.00000000e+00 0.00000000e+00]
 [0.00000000e+00 0.00000000e+00 0.00000000e+00 0.00000000e+00
  0.00000000e+00 0.00000000e+00 0.00000000e+00 0.00000000e+00
  0.00000000e+00 0.00000000e+00 0.00000000e+00]
 [0.00000000e+00 0.00000000e+00 0.00000000e+00 0.00000000e+00
  0.00000000e+00 0.00000000e+00 0.00000000e+00 0.00000000e+00
  0.00000000e+00 0.00000000e+00 0.00000000e+00]
 [0.00000000e+00 0.00000000e+00 0.00000000e+00 0.00000000e+00
  0.00000000e+00 0.00000000e+00 0.00000000e+00 0.00000000e+00
  0.00000000e+00 0.00000000e+00 0.00000000e+00]
 [0.00000000e+00 0.00000000e+00 0.00000000e+00 0.00000000e+00
  0.00000000e+00 0.00000000e+00 0.00000000e+00 0.00000000e+00
  0.00000000e+00 0.00000000e+00 0.00000000e+00]]
