F1-score (weighted)
Среднее по датасету: 0.4567361705321598
Объединенные результаты по датасету: 0.4499093326578074

              precision    recall  f1-score   support

         0.0       0.19      0.92      0.31     23184
         1.0       0.70      0.49      0.58    152506
         2.0       0.46      0.12      0.19     52880
         3.0       0.24      0.12      0.17      8425
         4.0       0.07      0.18      0.11       561

    accuracy                           0.44    237556
   macro avg       0.33      0.37      0.27    237556
weighted avg       0.58      0.44      0.45    237556


Confusion matrix (Precision)
[[1.90028113e-01 1.40166283e-02 1.73780266e-02 3.34961619e-02
  6.15384615e-02]
 [6.40195534e-01 7.02616375e-01 3.69083109e-01 2.29355664e-01
  1.08424908e-01]
 [1.56328899e-01 2.49274273e-01 4.59826947e-01 4.67317981e-01
  4.04395604e-01]
 [1.28923666e-02 3.28526469e-02 1.42368938e-01 2.44475459e-01
  3.50915751e-01]
 [5.55088008e-04 1.24007704e-03 1.13429797e-02 2.53547337e-02
  7.47252747e-02]]
Confusion matrix (Recall)
[[0.91550207 0.06435473 0.01030883 0.00621118 0.00362319]
 [0.46887336 0.49040693 0.03328394 0.00646532 0.00097045]
 [0.33020045 0.50177761 0.11959153 0.03799168 0.01043873]
 [0.17091988 0.41507418 0.23240356 0.12474777 0.0568546 ]
 [0.11051693 0.23529412 0.27807487 0.1942959  0.18181818]]
