Файлы: f:/amicorpus_1
Модель: 8

F1-score (weighted)
Среднее по датасету: 0.321123718924905
Объединенные результаты по датасету: 0.3257869005758966

              precision    recall  f1-score   support

           0       0.17      0.84      0.28     41489
           1       0.68      0.29      0.41    238272
           2       0.29      0.06      0.10     65950
           3       0.04      0.08      0.05      9816
           4       0.01      0.06      0.02       619
           5       0.00      0.00      0.00         0
           6       0.00      0.00      0.00         0
           7       0.00      0.00      0.00         0
           8       0.00      0.00      0.00         0
           9       0.00      0.00      0.00         0
          10       0.00      0.00      0.00         0

    accuracy                           0.31    356146
   macro avg       0.11      0.12      0.08    356146
weighted avg       0.53      0.31      0.33    356146


Confusion matrix (Precision)
[[1.65074549e-01 1.43307566e-02 2.38427217e-02 9.84458707e-02
  9.22010399e-02 1.63183280e-01 3.80758255e-01 3.77543860e-01
  4.33395872e-01 5.43240974e-01 4.07172996e-01]
 [6.73525020e-01 6.81835594e-01 5.97671500e-01 6.74905851e-01
  6.20103986e-01 5.85209003e-01 5.20994700e-01 5.02456140e-01
  4.72795497e-01 4.08060453e-01 5.04219409e-01]
 [1.46471662e-01 2.57266057e-01 2.87437256e-01 1.82252161e-01
  2.09358752e-01 1.88906752e-01 8.15328170e-02 9.47368421e-02
  7.50469043e-02 4.53400504e-02 7.38396624e-02]
 [1.43883187e-02 4.40236128e-02 8.35192415e-02 4.06301384e-02
  6.62045061e-02 4.98392283e-02 1.34529148e-02 2.17543860e-02
  1.50093809e-02 2.51889169e-03 1.47679325e-02]
 [5.40450850e-04 2.54397941e-03 7.52928054e-03 3.76597889e-03
  1.21317158e-02 1.28617363e-02 3.26131268e-03 3.50877193e-03
  3.75234522e-03 8.39630563e-04 0.00000000e+00]
 [0.00000000e+00 0.00000000e+00 0.00000000e+00 0.00000000e+00
  0.00000000e+00 0.00000000e+00 0.00000000e+00 0.00000000e+00
  0.00000000e+00 0.00000000e+00 0.00000000e+00]
 [0.00000000e+00 0.00000000e+00 0.00000000e+00 0.00000000e+00
  0.00000000e+00 0.00000000e+00 0.00000000e+00 0.00000000e+00
  0.00000000e+00 0.00000000e+00 0.00000000e+00]
 [0.00000000e+00 0.00000000e+00 0.00000000e+00 0.00000000e+00
  0.00000000e+00 0.00000000e+00 0.00000000e+00 0.00000000e+00
  0.00000000e+00 0.00000000e+00 0.00000000e+00]
 [0.00000000e+00 0.00000000e+00 0.00000000e+00 0.00000000e+00
  0.00000000e+00 0.00000000e+00 0.00000000e+00 0.00000000e+00
  0.00000000e+00 0.00000000e+00 0.00000000e+00]
 [0.00000000e+00 0.00000000e+00 0.00000000e+00 0.00000000e+00
  0.00000000e+00 0.00000000e+00 0.00000000e+00 0.00000000e+00
  0.00000000e+00 0.00000000e+00 0.00000000e+00]
 [0.00000000e+00 0.00000000e+00 0.00000000e+00 0.00000000e+00
  0.00000000e+00 0.00000000e+00 0.00000000e+00 0.00000000e+00
  0.00000000e+00 0.00000000e+00 0.00000000e+00]]
Confusion matrix (Recall)
[[8.39258599e-01 3.51659476e-02 8.24314879e-03 4.47347490e-02
  6.41133794e-03 4.89286317e-03 2.25119911e-02 1.29672925e-02
  5.56774085e-03 1.55944949e-02 4.65183543e-03]
 [5.96251343e-01 2.91335113e-01 3.59798885e-02 5.34011550e-02
  7.50822589e-03 3.05533172e-03 5.36361805e-03 3.00496911e-03
  1.05761483e-03 2.03968574e-03 1.00305533e-03]
 [4.68476118e-01 3.97149356e-01 6.25170584e-02 5.21000758e-02
  9.15845337e-03 3.56330553e-03 3.03260045e-03 2.04700531e-03
  6.06520091e-04 8.18802123e-04 5.30705080e-04]
 [3.09189079e-01 4.56601467e-01 1.22045640e-01 7.80358598e-02
  1.94580277e-02 6.31621842e-03 3.36185819e-03 3.15810921e-03
  8.14995925e-04 3.05623472e-04 7.13121434e-04]
 [1.84168013e-01 4.18416801e-01 1.74474960e-01 1.14701131e-01
  5.65428110e-02 2.58481422e-02 1.29240711e-02 8.07754443e-03
  3.23101777e-03 1.61550889e-03 0.00000000e+00]
 [0.00000000e+00 0.00000000e+00 0.00000000e+00 0.00000000e+00
  0.00000000e+00 0.00000000e+00 0.00000000e+00 0.00000000e+00
  0.00000000e+00 0.00000000e+00 0.00000000e+00]
 [0.00000000e+00 0.00000000e+00 0.00000000e+00 0.00000000e+00
  0.00000000e+00 0.00000000e+00 0.00000000e+00 0.00000000e+00
  0.00000000e+00 0.00000000e+00 0.00000000e+00]
 [0.00000000e+00 0.00000000e+00 0.00000000e+00 0.00000000e+00
  0.00000000e+00 0.00000000e+00 0.00000000e+00 0.00000000e+00
  0.00000000e+00 0.00000000e+00 0.00000000e+00]
 [0.00000000e+00 0.00000000e+00 0.00000000e+00 0.00000000e+00
  0.00000000e+00 0.00000000e+00 0.00000000e+00 0.00000000e+00
  0.00000000e+00 0.00000000e+00 0.00000000e+00]
 [0.00000000e+00 0.00000000e+00 0.00000000e+00 0.00000000e+00
  0.00000000e+00 0.00000000e+00 0.00000000e+00 0.00000000e+00
  0.00000000e+00 0.00000000e+00 0.00000000e+00]
 [0.00000000e+00 0.00000000e+00 0.00000000e+00 0.00000000e+00
  0.00000000e+00 0.00000000e+00 0.00000000e+00 0.00000000e+00
  0.00000000e+00 0.00000000e+00 0.00000000e+00]]
