Файлы: f:/amicorpus_1
Модель: 5

F1-score (weighted)
Среднее по датасету: 0.31847097383453116
Объединенные результаты по датасету: 0.31763448706380193

              precision    recall  f1-score   support

           0       0.11      0.93      0.20      8278
           1       0.58      0.36      0.44     66354
           2       0.47      0.10      0.16     36645
           3       0.37      0.05      0.08      6919
           4       0.09      0.05      0.06       486
           5       0.00      0.00      0.00         0
           6       0.00      0.00      0.00         0
           7       0.00      0.00      0.00         0
           8       0.00      0.00      0.00         0
           9       0.00      0.00      0.00         0
          10       0.00      0.00      0.00         0

    accuracy                           0.30    118682
   macro avg       0.15      0.14      0.09    118682
weighted avg       0.50      0.30      0.32    118682


Confusion matrix (Precision)
[[0.11275605 0.00912964 0.01491776 0.04424779 0.05442177 0.06666667
  0.09090909 0.33333333 0.         0.         1.        ]
 [0.58678989 0.579014   0.28751753 0.12278761 0.03741497 0.06666667
  0.         0.         0.         0.         0.        ]
 [0.26433358 0.34953135 0.46729568 0.42035398 0.39455782 0.37777778
  0.18181818 0.16666667 0.22222222 0.         0.        ]
 [0.03428088 0.05925746 0.21076119 0.36504425 0.42857143 0.31111111
  0.45454545 0.33333333 0.66666667 1.         0.        ]
 [0.0018396  0.00306756 0.01950784 0.04756637 0.08503401 0.17777778
  0.27272727 0.16666667 0.11111111 0.         0.        ]
 [0.         0.         0.         0.         0.         0.
  0.         0.         0.         0.         0.        ]
 [0.         0.         0.         0.         0.         0.
  0.         0.         0.         0.         0.        ]
 [0.         0.         0.         0.         0.         0.
  0.         0.         0.         0.         0.        ]
 [0.         0.         0.         0.         0.         0.
  0.         0.         0.         0.         0.        ]
 [0.         0.         0.         0.         0.         0.
  0.         0.         0.         0.         0.        ]
 [0.         0.         0.         0.         0.         0.
  0.         0.         0.         0.         0.        ]]
Confusion matrix (Recall)
[[9.32954820e-01 4.53007973e-02 1.41338488e-02 4.83208504e-03
  1.93283402e-03 3.62406378e-04 1.20802126e-04 2.41604252e-04
  0.00000000e+00 0.00000000e+00 1.20802126e-04]
 [6.05705760e-01 3.58426018e-01 3.39843868e-02 1.67284565e-03
  1.65777496e-04 4.52120445e-05 0.00000000e+00 0.00000000e+00
  0.00000000e+00 0.00000000e+00 0.00000000e+00]
 [4.94064675e-01 3.91786055e-01 1.00013644e-01 1.03697640e-02
  3.16550689e-03 4.63910493e-04 5.45777050e-05 2.72888525e-05
  5.45777050e-05 0.00000000e+00 0.00000000e+00]
 [3.39355398e-01 3.51784940e-01 2.38907357e-01 4.76947536e-02
  1.82107241e-02 2.02341379e-03 7.22647781e-04 2.89059113e-04
  8.67177338e-04 1.44529556e-04 0.00000000e+00]
 [2.59259259e-01 2.59259259e-01 3.14814815e-01 8.84773663e-02
  5.14403292e-02 1.64609053e-02 6.17283951e-03 2.05761317e-03
  2.05761317e-03 0.00000000e+00 0.00000000e+00]
 [0.00000000e+00 0.00000000e+00 0.00000000e+00 0.00000000e+00
  0.00000000e+00 0.00000000e+00 0.00000000e+00 0.00000000e+00
  0.00000000e+00 0.00000000e+00 0.00000000e+00]
 [0.00000000e+00 0.00000000e+00 0.00000000e+00 0.00000000e+00
  0.00000000e+00 0.00000000e+00 0.00000000e+00 0.00000000e+00
  0.00000000e+00 0.00000000e+00 0.00000000e+00]
 [0.00000000e+00 0.00000000e+00 0.00000000e+00 0.00000000e+00
  0.00000000e+00 0.00000000e+00 0.00000000e+00 0.00000000e+00
  0.00000000e+00 0.00000000e+00 0.00000000e+00]
 [0.00000000e+00 0.00000000e+00 0.00000000e+00 0.00000000e+00
  0.00000000e+00 0.00000000e+00 0.00000000e+00 0.00000000e+00
  0.00000000e+00 0.00000000e+00 0.00000000e+00]
 [0.00000000e+00 0.00000000e+00 0.00000000e+00 0.00000000e+00
  0.00000000e+00 0.00000000e+00 0.00000000e+00 0.00000000e+00
  0.00000000e+00 0.00000000e+00 0.00000000e+00]
 [0.00000000e+00 0.00000000e+00 0.00000000e+00 0.00000000e+00
  0.00000000e+00 0.00000000e+00 0.00000000e+00 0.00000000e+00
  0.00000000e+00 0.00000000e+00 0.00000000e+00]]
