Файлы: f:/amicorpus_1
Модель: 11

F1-score (weighted)
Среднее по датасету: 0.5771146177384346
Объединенные результаты по датасету: 0.5817912413514189

              precision    recall  f1-score   support

           0       0.33      0.00      0.00     41590
           1       0.69      0.97      0.81    238272
           2       0.46      0.13      0.20     65950
           3       0.25      0.10      0.14      9816
           4       0.06      0.19      0.09       619

    accuracy                           0.67    356247
   macro avg       0.36      0.28      0.25    356247
weighted avg       0.59      0.67      0.58    356247


Confusion matrix (Precision)
[[3.33333333e-01 1.22730464e-01 2.93457344e-02 4.80188927e-02
  6.77333333e-02]
 [5.83333333e-01 6.93937759e-01 3.70109044e-01 2.10443453e-01
  1.39733333e-01]
 [8.33333333e-02 1.65202612e-01 4.57825529e-01 4.67069011e-01
  4.17600000e-01]
 [0.00000000e+00 1.74511287e-02 1.32937781e-01 2.49278405e-01
  3.13600000e-01]
 [0.00000000e+00 6.78035565e-04 9.78191148e-03 2.51902388e-02
  6.13333333e-02]]
Confusion matrix (Recall)
[[9.61769656e-05 9.79249820e-01 1.32002885e-02 4.40009618e-03
  3.05361866e-03]
 [2.93781896e-05 9.66445911e-01 2.90592264e-02 3.36590115e-03
  1.09958367e-03]
 [1.51630023e-05 8.31250948e-01 1.29871114e-01 2.69901440e-02
  1.18726308e-02]
 [0.00000000e+00 5.89955175e-01 2.53361858e-01 9.67807661e-02
  5.99022005e-02]
 [0.00000000e+00 3.63489499e-01 2.95638126e-01 1.55088853e-01
  1.85783522e-01]]
