F1-score (weighted)
Среднее по датасету: 0.18318597758958274
Объединенные результаты по датасету: 0.20147492060210004

              precision    recall  f1-score   support

         0.0       0.10      0.94      0.18      5534
         1.0       0.58      0.09      0.16     45501
         2.0       0.42      0.21      0.28     31212
         3.0       0.13      0.23      0.17      6430
         4.0       0.03      0.24      0.05       462

    accuracy                           0.20     89139
   macro avg       0.25      0.34      0.17     89139
weighted avg       0.46      0.20      0.20     89139


Confusion matrix (Precision)
[[0.10246754 0.02164804 0.00292988 0.00483698 0.01251676]
 [0.54123024 0.5801676  0.48649001 0.42986385 0.33147072]
 [0.30600996 0.35614525 0.42007943 0.42054819 0.4278051 ]
 [0.04733043 0.04022346 0.0867244  0.13337513 0.20295038]
 [0.00296183 0.00181564 0.00377629 0.01137585 0.02525704]]
Confusion matrix (Recall)
[[0.94398265 0.02800867 0.00813155 0.00975786 0.01011926]
 [0.60642623 0.0912947  0.16421617 0.10547021 0.03259269]
 [0.49983981 0.08169935 0.20671537 0.15042291 0.06132257]
 [0.37527216 0.04479005 0.20715397 0.23157076 0.14121306]
 [0.32683983 0.02813853 0.12554113 0.27489177 0.24458874]]
