F1-score (weighted)
Среднее по датасету: 0.4276576742214865
Объединенные результаты по датасету: 0.41857800614025625

              precision    recall  f1-score   support

         0.0       0.21      0.83      0.33     12965
         1.0       0.59      0.67      0.63     98383
         2.0       0.39      0.08      0.14     50365
         3.0       0.39      0.06      0.10     13862
         4.0       0.33      0.11      0.17      2611

    accuracy                           0.46    178186
   macro avg       0.38      0.35      0.27    178186
weighted avg       0.48      0.46      0.42    178186


Confusion matrix (Precision)
[[0.20621529 0.01704409 0.01731561 0.02844744 0.0802603 ]
 [0.55893375 0.58751878 0.27836016 0.09932498 0.04338395]
 [0.20093018 0.31097241 0.38590416 0.32642237 0.14533623]
 [0.03096112 0.07459568 0.25140397 0.38621022 0.40563991]
 [0.00295966 0.00986904 0.0670161  0.15959499 0.32537961]]
Confusion matrix (Recall)
[[8.27612804e-01 1.47859622e-01 1.42691863e-02 4.55071346e-03
  5.70767451e-03]
 [2.95610014e-01 6.71660754e-01 3.02287997e-02 2.09385768e-03
  4.06574307e-04]
 [2.07584632e-01 6.94450511e-01 8.18624044e-02 1.34418743e-02
  2.66057778e-03]
 [1.16216996e-01 6.05251767e-01 1.93767133e-01 5.77838696e-02
  2.69802337e-02]
 [5.89812332e-02 4.25124473e-01 2.74224435e-01 1.26771352e-01
  1.14898506e-01]]
