Файлы: f:/amicorpus_1
Модель: 11

F1-score (weighted)
Среднее по датасету: 0.5975390305384296
Объединенные результаты по датасету: 0.5929516294964225

              precision    recall  f1-score   support

           0       0.00      0.00      0.00     18028
           1       0.70      0.96      0.81    162265
           2       0.46      0.13      0.21     53154
           3       0.23      0.08      0.11      7765
           4       0.04      0.09      0.05       432

    accuracy                           0.68    241644
   macro avg       0.29      0.25      0.24    241644
weighted avg       0.58      0.68      0.59    241644


Confusion matrix (Precision)
[[0.         0.07803646 0.02788176 0.05394191 0.09043659]
 [0.         0.69951064 0.37556473 0.23764617 0.15488565]
 [0.         0.19928371 0.46198528 0.46171256 0.44074844]
 [0.         0.02227495 0.12566155 0.22519804 0.27442827]
 [0.         0.00089423 0.00890667 0.02150132 0.03950104]]
Confusion matrix (Recall)
[[0.00000000e+00 9.63279343e-01 2.39627247e-02 7.93210561e-03
  4.82582649e-03]
 [0.00000000e+00 9.59338120e-01 3.58610914e-02 3.88253782e-03
  9.18251009e-04]
 [0.00000000e+00 8.34330436e-01 1.34665312e-01 2.30274297e-02
  7.97682206e-03]
 [0.00000000e+00 6.38377334e-01 2.50740502e-01 7.68834514e-02
  3.39987122e-02]
 [0.00000000e+00 4.60648148e-01 3.19444444e-01 1.31944444e-01
  8.79629630e-02]]
