Файлы: f:/amicorpus_1
Модель: 11

F1-score (weighted)
Среднее по датасету: 0.5357681193218462
Объединенные результаты по датасету: 0.5244155367772314

              precision    recall  f1-score   support

           0       0.21      0.56      0.30     41066
           1       0.70      0.66      0.68    236687
           2       0.46      0.11      0.18     65328
           3       0.22      0.06      0.10      9741
           4       0.04      0.06      0.05       619

    accuracy                           0.53    353441
   macro avg       0.33      0.29      0.26    353441
weighted avg       0.58      0.53      0.52    353441


Confusion matrix (Precision)
[[0.20608328 0.07791758 0.02790878 0.05406427 0.09043659]
 [0.66549085 0.69963036 0.37528264 0.23705104 0.15488565]
 [0.10897579 0.19931557 0.46223916 0.46238185 0.44074844]
 [0.01778012 0.02224161 0.12565411 0.22495274 0.27442827]
 [0.00166996 0.00089488 0.0089153  0.02155009 0.03950104]]
Confusion matrix (Recall)
[[5.61949058e-01 4.21930551e-01 1.05196513e-02 3.48219939e-03
  2.11854089e-03]
 [3.14850414e-01 6.57328032e-01 2.45429618e-02 2.64906818e-03
  6.29523379e-04]
 [1.86795861e-01 6.78468651e-01 1.09524247e-01 1.87209160e-02
  6.49032574e-03]
 [2.04393799e-01 5.07750744e-01 1.99671492e-01 6.10820244e-02
  2.71019403e-02]
 [3.02100162e-01 3.21486268e-01 2.22940226e-01 9.20840065e-02
  6.13893376e-02]]
