Файлы: f:/amicorpus_1
Модель: 10

F1-score (weighted)
Среднее по датасету: 0.4772691695185317
Объединенные результаты по датасету: 0.47769676397587285

              precision    recall  f1-score   support

           0       0.29      0.83      0.43     41489
           1       0.75      0.46      0.57    238272
           2       0.25      0.24      0.24     65950
           3       0.06      0.11      0.08      9816
           4       0.01      0.11      0.01       619

    accuracy                           0.45    356146
   macro avg       0.27      0.35      0.27    356146
weighted avg       0.58      0.45      0.48    356146


Confusion matrix (Precision)
[[2.89875675e-01 1.73845910e-02 1.97341416e-02 8.49599918e-02
  1.72156013e-01]
 [5.71869585e-01 7.51328660e-01 6.78728174e-01 6.40996891e-01
  6.19934995e-01]
 [1.25435306e-01 2.05023747e-01 2.48366013e-01 2.12170634e-01
  1.51679307e-01]
 [1.22894971e-02 2.51394145e-02 4.95405892e-02 5.69797666e-02
  4.89707476e-02]
 [5.29937249e-04 1.12358776e-03 3.63108206e-03 4.89271699e-03
  7.25893824e-03]]
Confusion matrix (Recall)
[[0.8306057  0.0607872  0.03012847 0.04017932 0.03829931]
 [0.28532517 0.45744359 0.18043245 0.05278421 0.02401457]
 [0.22611069 0.45099318 0.23854435 0.06312358 0.0212282 ]
 [0.14883863 0.37153627 0.31968215 0.11389568 0.04604727]
 [0.10177706 0.26332795 0.37156704 0.15508885 0.1082391 ]]
