Файлы: f:/amicorpus_1
Модель: 10

F1-score (weighted)
Среднее по датасету: 0.4765838330693452
Объединенные результаты по датасету: 0.48753780675582914

              precision    recall  f1-score   support

           0       0.00      0.00      0.00         0
           1       0.76      0.46      0.57    238247
           2       0.25      0.24      0.25     65948
           3       0.06      0.11      0.08      9816
           4       0.01      0.11      0.02       619

    accuracy                           0.40    314630
   macro avg       0.22      0.18      0.18    314630
weighted avg       0.63      0.40      0.49    314630


Confusion matrix (Precision)
[[0.00000000e+00 0.00000000e+00 0.00000000e+00 0.00000000e+00
  0.00000000e+00]
 [8.05270517e-01 7.64621288e-01 6.92391935e-01 7.00512421e-01
  7.48854862e-01]
 [1.76671327e-01 2.08651060e-01 2.53365973e-01 2.31870335e-01
  1.83222091e-01]
 [1.73116572e-02 2.55841851e-02 5.05379115e-02 6.22702462e-02
  5.91545609e-02]
 [7.46498566e-04 1.14346646e-03 3.70418089e-03 5.34699788e-03
  8.76848580e-03]]
Confusion matrix (Recall)
[[0.         0.         0.         0.         0.        ]
 [0.28525018 0.45749159 0.18045138 0.05278975 0.02401709]
 [0.22608722 0.45100685 0.23855159 0.06312549 0.02122885]
 [0.14883863 0.37153627 0.31968215 0.11389568 0.04604727]
 [0.10177706 0.26332795 0.37156704 0.15508885 0.1082391 ]]
