F1-score (weighted)
Среднее по датасету: 0.05475613520429179
Объединенные результаты по датасету: 0.04925544090764177

              precision    recall  f1-score   support

         0.0       0.13      0.97      0.23     34639
         1.0       0.71      0.01      0.01    220635
         2.0       0.24      0.04      0.07     78587
         3.0       0.07      0.09      0.08     19037
         4.0       0.02      0.48      0.05      3386

    accuracy                           0.12    356284
   macro avg       0.24      0.32      0.09    356284
weighted avg       0.51      0.12      0.05    356284


Confusion matrix (Precision)
[[0.13359931 0.0210035  0.00607335 0.00570218 0.0139569 ]
 [0.62379492 0.71236873 0.69796776 0.633594   0.57949593]
 [0.19744167 0.21878646 0.24161022 0.28046595 0.28129446]
 [0.0395131  0.04084014 0.04827533 0.07009612 0.10081315]
 [0.005651   0.00700117 0.00607335 0.01014174 0.02443955]]
Confusion matrix (Recall)
[[0.96576114 0.00103929 0.0022518  0.00404169 0.02690609]
 [0.70794298 0.00553403 0.04062819 0.07050559 0.17538922]
 [0.62909896 0.00477178 0.0394849  0.08762263 0.23902172]
 [0.51972475 0.00367705 0.03256816 0.0904029  0.35362715]
 [0.41789722 0.003544   0.02303603 0.0735381  0.48198464]]
