Файлы: f:/amicorpus_1
Модель: 10

F1-score (weighted)
Среднее по датасету: 0.40838450377319163
Объединенные результаты по датасету: 0.4039174729236949

              precision    recall  f1-score   support

           0       0.18      0.94      0.31     41046
           1       0.73      0.36      0.48    236687
           2       0.44      0.15      0.23     65328
           3       0.21      0.10      0.14      9741
           4       0.04      0.11      0.06       619

    accuracy                           0.38    353421
   macro avg       0.32      0.33      0.24    353421
weighted avg       0.60      0.38      0.40    353421


Confusion matrix (Precision)
[[0.18458824 0.01572014 0.01759324 0.04399671 0.06384181]
 [0.67424758 0.73429069 0.43182618 0.24115954 0.15423729]
 [0.12684449 0.22294014 0.43719212 0.49259868 0.4480226 ]
 [0.01341841 0.02595772 0.10621921 0.20703125 0.29548023]
 [0.00090127 0.00109132 0.00716925 0.01521382 0.03841808]]
Confusion matrix (Recall)
[[0.93806948 0.04421868 0.00974516 0.00521366 0.00275301]
 [0.59421937 0.35819035 0.04148094 0.00495591 0.00115342]
 [0.40501776 0.39401176 0.15215528 0.03667646 0.01213875]
 [0.28734216 0.30766862 0.24792116 0.10337748 0.05369059]
 [0.30371567 0.20355412 0.26332795 0.11954766 0.1098546 ]]
