Файлы: f:/amicorpus_1
Модель: 10

F1-score (weighted)
Среднее по датасету: 0.45694519336327794
Объединенные результаты по датасету: 0.4587428142207538

              precision    recall  f1-score   support

           0       0.15      0.88      0.25     21121
           1       0.73      0.46      0.57    184402
           2       0.44      0.17      0.25     58199
           3       0.21      0.12      0.15      8598
           4       0.04      0.14      0.06       483

    accuracy                           0.42    272803
   macro avg       0.31      0.35      0.25    272803
weighted avg       0.61      0.42      0.46    272803


Confusion matrix (Precision)
[[1.45175658e-01 1.57201382e-02 1.75932442e-02 4.39967105e-02
  6.38418079e-02]
 [6.90434144e-01 7.34290688e-01 4.31826179e-01 2.41159539e-01
  1.54237288e-01]
 [1.51043946e-01 2.22940142e-01 4.37192118e-01 4.92598684e-01
  4.48022599e-01]
 [1.29399262e-02 2.59577159e-02 1.06219212e-01 2.07031250e-01
  2.95480226e-01]
 [4.06326186e-04 1.09131538e-03 7.16924701e-03 1.52138158e-02
  3.84180791e-02]]
Confusion matrix (Recall)
[[0.87964585 0.08593343 0.0189385  0.0101321  0.00535013]
 [0.47916508 0.45975098 0.05324237 0.0063611  0.00148046]
 [0.33213629 0.44227564 0.17079331 0.04116909 0.01362566]
 [0.19260293 0.34856943 0.28087927 0.11712026 0.0608281 ]
 [0.10766046 0.26086957 0.33747412 0.15320911 0.14078675]]
