Файлы: f:/amicorpus_1
Модель: 4

F1-score (weighted)
Среднее по датасету: 0.3705205759806237
Объединенные результаты по датасету: 0.353160407464091

              precision    recall  f1-score   support

           0       0.17      0.87      0.28      5392
           1       0.51      0.63      0.56     45503
           2       0.46      0.07      0.13     31213
           3       0.48      0.02      0.03      6430
           4       0.13      0.01      0.02       462
           5       0.00      0.00      0.00         0
           6       0.00      0.00      0.00         0
           9       0.00      0.00      0.00         0

    accuracy                           0.40     89000
   macro avg       0.22      0.20      0.13     89000
weighted avg       0.47      0.40      0.35     89000


Confusion matrix (Precision)
[[0.16853892 0.01104556 0.01157771 0.04888889 0.25806452 0.09090909
  0.         1.        ]
 [0.56497865 0.51257867 0.22861068 0.04       0.03225806 0.
  0.         0.        ]
 [0.2406776  0.39613405 0.45722135 0.34222222 0.16129032 0.18181818
  0.25       0.        ]
 [0.02462046 0.075741   0.27315542 0.47555556 0.41935484 0.63636364
  0.25       0.        ]
 [0.00118437 0.00450071 0.02943485 0.09333333 0.12903226 0.09090909
  0.5        0.        ]
 [0.         0.         0.         0.         0.         0.
  0.         0.        ]
 [0.         0.         0.         0.         0.         0.
  0.         0.        ]
 [0.         0.         0.         0.         0.         0.
  0.         0.        ]]
Confusion matrix (Recall)
[[8.70919881e-01 1.14243323e-01 1.09421365e-02 2.04005935e-03
  1.48367953e-03 1.85459941e-04 0.00000000e+00 1.85459941e-04]
 [3.45955212e-01 6.28222315e-01 2.56027075e-02 1.97789157e-04
  2.19765730e-05 0.00000000e+00 0.00000000e+00 0.00000000e+00]
 [2.14846378e-01 7.07782014e-01 7.46483837e-02 2.46692083e-03
  1.60189665e-04 6.40758658e-05 3.20379329e-05 0.00000000e+00]
 [1.06687403e-01 6.56920684e-01 2.16485226e-01 1.66407465e-02
  2.02177294e-03 1.08864697e-03 1.55520995e-04 0.00000000e+00]
 [7.14285714e-02 5.43290043e-01 3.24675325e-01 4.54545455e-02
  8.65800866e-03 2.16450216e-03 4.32900433e-03 0.00000000e+00]
 [0.00000000e+00 0.00000000e+00 0.00000000e+00 0.00000000e+00
  0.00000000e+00 0.00000000e+00 0.00000000e+00 0.00000000e+00]
 [0.00000000e+00 0.00000000e+00 0.00000000e+00 0.00000000e+00
  0.00000000e+00 0.00000000e+00 0.00000000e+00 0.00000000e+00]
 [0.00000000e+00 0.00000000e+00 0.00000000e+00 0.00000000e+00
  0.00000000e+00 0.00000000e+00 0.00000000e+00 0.00000000e+00]]
