F1-score (weighted)
Среднее по датасету: 0.42299826782505817
Объединенные результаты по датасету: 0.40682162687602447

              precision    recall  f1-score   support

         0.0       0.20      0.86      0.32      8420
         1.0       0.58      0.66      0.62     66352
         2.0       0.47      0.07      0.11     36644
         3.0       0.40      0.04      0.07      6919
         4.0       0.12      0.07      0.09       486

    accuracy                           0.45    118821
   macro avg       0.35      0.34      0.24    118821
weighted avg       0.50      0.45      0.41    118821


Confusion matrix (Precision)
[[0.20022066 0.01323066 0.01791277 0.04225352 0.09933775]
 [0.58011309 0.57546837 0.23890187 0.09389671 0.05298013]
 [0.19917253 0.3487691  0.4661215  0.40219092 0.31456954]
 [0.01950076 0.05930264 0.25214174 0.39906103 0.41721854]
 [0.00099297 0.00322922 0.02492212 0.06259781 0.11589404]]
Confusion matrix (Recall)
[[8.62114014e-01 1.20190024e-01 1.09263658e-02 3.20665083e-03
  3.56294537e-03]
 [3.16976127e-01 6.63386183e-01 1.84922836e-02 9.04268146e-04
  2.41138172e-04]
 [1.97058181e-01 7.28004585e-01 6.53312957e-02 7.01342648e-03
  2.59251173e-03]
 [1.02182396e-01 6.55586067e-01 1.87165775e-01 3.68550369e-02
  1.82107241e-02]
 [7.40740741e-02 5.08230453e-01 2.63374486e-01 8.23045267e-02
  7.20164609e-02]]
