F1-score (weighted)
Среднее по датасету: 0.1665936920392072
Объединенные результаты по датасету: 0.20138852725137893

              precision    recall  f1-score   support

         0.0       0.11      0.95      0.20     34640
         1.0       0.63      0.17      0.27    220636
         2.0       0.37      0.03      0.06     78585
         3.0       0.36      0.02      0.04     19037
         4.0       0.37      0.05      0.08      3386

    accuracy                           0.21    356284
   macro avg       0.37      0.24      0.13    356284
weighted avg       0.51      0.21      0.20    356284


Confusion matrix (Precision)
[[0.11398879 0.02565096 0.02317073 0.0326087  0.02386635]
 [0.62583889 0.63256088 0.33612805 0.10785953 0.1026253 ]
 [0.21001891 0.25389736 0.36753049 0.32692308 0.16706444]
 [0.04429415 0.07240246 0.20929878 0.36371237 0.33890215]
 [0.00585925 0.01548833 0.06387195 0.16889632 0.36754177]]
Confusion matrix (Recall)
[[9.50259815e-01 4.39376443e-02 4.38799076e-03 1.12586605e-03
  2.88683603e-04]
 [8.19113835e-01 1.70112765e-01 9.99383600e-03 5.84673399e-04
  1.94891133e-04]
 [7.71750334e-01 1.91703251e-01 3.06801552e-02 4.97550423e-03
  8.90755233e-04]
 [6.71902085e-01 2.25665809e-01 7.21227084e-02 2.28502390e-02
  7.45915848e-03]
 [4.99704666e-01 2.71411695e-01 1.23744832e-01 5.96574129e-02
  4.54813940e-02]]
