F1-score (weighted)
Среднее по датасету: 0.47275497535587807
Объединенные результаты по датасету: 0.4605161497668644

              precision    recall  f1-score   support

         0.0       0.28      0.88      0.43    103619
         1.0       0.80      0.43      0.56    491921
         2.0       0.19      0.05      0.08    102501
         3.0       0.01      0.00      0.00     13609
         4.0       0.01      0.66      0.01       827

    accuracy                           0.43    712477
   macro avg       0.26      0.41      0.22    712477
weighted avg       0.62      0.43      0.46    712477


Confusion matrix (Precision)
[[2.82274778e-01 3.18194190e-02 4.66818421e-02 9.15631131e-03
  2.62033790e-02]
 [6.20211330e-01 7.99889613e-01 7.28909123e-01 8.73773708e-01
  6.09733291e-01]
 [9.09596336e-02 1.51324644e-01 1.91700228e-01 1.08567691e-01
  2.90968016e-01]
 [6.36893492e-03 1.63009784e-02 3.10978813e-02 8.50228908e-03
  6.73042185e-02]
 [1.85323033e-04 6.65346056e-04 1.61092628e-03 0.00000000e+00
  5.79109553e-03]]
Confusion matrix (Recall)
[[8.81971453e-01 8.12302763e-02 1.28644361e-02 1.35110356e-04
  2.37987242e-02]
 [4.08193592e-01 4.30130041e-01 4.23116720e-02 2.71588324e-03
  1.16648811e-01]
 [2.87304514e-01 3.90523019e-01 5.34043570e-02 1.61949640e-03
  2.67148613e-01]
 [1.51517378e-01 3.16849144e-01 6.52509369e-02 9.55250202e-04
  4.65427291e-01]
 [7.25513906e-02 2.12817412e-01 5.56227328e-02 0.00000000e+00
  6.59008464e-01]]
