F1-score (weighted)
Среднее по датасету: 0.17541591833972914
Объединенные результаты по датасету: 0.19384446558277857

              precision    recall  f1-score   support

         0.0       0.11      0.95      0.20      8420
         1.0       0.65      0.10      0.17     66352
         2.0       0.40      0.18      0.25     36644
         3.0       0.12      0.24      0.16      6919
         4.0       0.02      0.23      0.04       486

    accuracy                           0.19    118821
   macro avg       0.26      0.34      0.16    118821
weighted avg       0.50      0.19      0.19    118821


Confusion matrix (Precision)
[[0.10943149 0.02001026 0.00392203 0.00618689 0.01078981]
 [0.58329809 0.64997435 0.52198092 0.46806998 0.38088045]
 [0.26624555 0.29892252 0.39536381 0.39802304 0.40246008]
 [0.03891019 0.03027193 0.07405023 0.11854644 0.18126888]
 [0.00211468 0.00082093 0.00468302 0.00917366 0.02460078]]
Confusion matrix (Recall)
[[0.95261283 0.02315914 0.00795724 0.01033254 0.00593824]
 [0.64435134 0.09546057 0.13438932 0.09919822 0.02660055]
 [0.53255649 0.0794946  0.18431394 0.15273988 0.0508951 ]
 [0.41219829 0.04263622 0.18282989 0.24093077 0.12140483]
 [0.31893004 0.01646091 0.16460905 0.2654321  0.2345679 ]]
