Файлы: f:/amicorpus_1
Модель: 8

F1-score (weighted)
Среднее по датасету: 0.3496257847553496
Объединенные результаты по датасету: 0.34314725782005545

              precision    recall  f1-score   support

           0       0.17      0.95      0.28     41489
           1       0.69      0.32      0.44    238272
           2       0.46      0.04      0.08     65950
           3       0.24      0.06      0.09      9816
           4       0.06      0.06      0.06       619
           5       0.00      0.00      0.00         0
           6       0.00      0.00      0.00         0
           7       0.00      0.00      0.00         0
           8       0.00      0.00      0.00         0
           9       0.00      0.00      0.00         0
          10       0.00      0.00      0.00         0

    accuracy                           0.33    356146
   macro avg       0.15      0.13      0.09    356146
weighted avg       0.57      0.33      0.34    356146


Confusion matrix (Precision)
[[1.67170672e-01 1.38092590e-02 3.19066148e-02 4.59411240e-02
  6.44007156e-02 7.44680851e-02 1.00000000e-01 1.36986301e-01
  7.40740741e-02 3.70370370e-01 1.15384615e-01]
 [6.73881826e-01 6.93215689e-01 3.16731518e-01 2.17216771e-01
  1.44901610e-01 1.54255319e-01 1.10000000e-01 1.91780822e-01
  1.11111111e-01 3.70370370e-02 1.53846154e-01]
 [1.44942349e-01 2.48375247e-01 4.56186770e-01 4.63871543e-01
  4.32915921e-01 4.14893617e-01 3.10000000e-01 3.97260274e-01
  5.55555556e-01 2.96296296e-01 3.46153846e-01]
 [1.35321198e-02 4.22937043e-02 1.77276265e-01 2.40856378e-01
  2.95169946e-01 2.87234043e-01 3.90000000e-01 2.46575342e-01
  1.48148148e-01 1.48148148e-01 3.46153846e-01]
 [4.73032901e-04 2.30610068e-03 1.78988327e-02 3.21141838e-02
  6.26118068e-02 6.91489362e-02 9.00000000e-02 2.73972603e-02
  1.11111111e-01 1.48148148e-01 3.84615385e-02]
 [0.00000000e+00 0.00000000e+00 0.00000000e+00 0.00000000e+00
  0.00000000e+00 0.00000000e+00 0.00000000e+00 0.00000000e+00
  0.00000000e+00 0.00000000e+00 0.00000000e+00]
 [0.00000000e+00 0.00000000e+00 0.00000000e+00 0.00000000e+00
  0.00000000e+00 0.00000000e+00 0.00000000e+00 0.00000000e+00
  0.00000000e+00 0.00000000e+00 0.00000000e+00]
 [0.00000000e+00 0.00000000e+00 0.00000000e+00 0.00000000e+00
  0.00000000e+00 0.00000000e+00 0.00000000e+00 0.00000000e+00
  0.00000000e+00 0.00000000e+00 0.00000000e+00]
 [0.00000000e+00 0.00000000e+00 0.00000000e+00 0.00000000e+00
  0.00000000e+00 0.00000000e+00 0.00000000e+00 0.00000000e+00
  0.00000000e+00 0.00000000e+00 0.00000000e+00]
 [0.00000000e+00 0.00000000e+00 0.00000000e+00 0.00000000e+00
  0.00000000e+00 0.00000000e+00 0.00000000e+00 0.00000000e+00
  0.00000000e+00 0.00000000e+00 0.00000000e+00]
 [0.00000000e+00 0.00000000e+00 0.00000000e+00 0.00000000e+00
  0.00000000e+00 0.00000000e+00 0.00000000e+00 0.00000000e+00
  0.00000000e+00 0.00000000e+00 0.00000000e+00]]
Confusion matrix (Recall)
[[9.54011907e-01 3.65157030e-02 4.94106872e-03 2.48258575e-03
  8.67699872e-04 3.37438839e-04 2.41027742e-04 2.41027742e-04
  4.82055485e-05 2.41027742e-04 7.23083227e-05]
 [6.69633864e-01 3.19181440e-01 8.54065941e-03 2.04388262e-03
  3.39947623e-04 1.21709643e-04 4.61657266e-05 5.87563793e-05
  1.25906527e-05 4.19688423e-06 1.67875369e-05]
 [5.20363912e-01 4.13176649e-01 4.44427597e-02 1.57695224e-02
  3.66944655e-03 1.18271418e-03 4.70053071e-04 4.39727066e-04
  2.27445034e-04 1.21304018e-04 1.36467020e-04]
 [3.26405868e-01 4.72697637e-01 1.16035045e-01 5.50122249e-02
  1.68092910e-02 5.50122249e-03 3.97310513e-03 1.83374083e-03
  4.07497963e-04 4.07497963e-04 9.16870416e-04]
 [1.80936995e-01 4.08723748e-01 1.85783522e-01 1.16316640e-01
  5.65428110e-02 2.10016155e-02 1.45395800e-02 3.23101777e-03
  4.84652666e-03 6.46203554e-03 1.61550889e-03]
 [0.00000000e+00 0.00000000e+00 0.00000000e+00 0.00000000e+00
  0.00000000e+00 0.00000000e+00 0.00000000e+00 0.00000000e+00
  0.00000000e+00 0.00000000e+00 0.00000000e+00]
 [0.00000000e+00 0.00000000e+00 0.00000000e+00 0.00000000e+00
  0.00000000e+00 0.00000000e+00 0.00000000e+00 0.00000000e+00
  0.00000000e+00 0.00000000e+00 0.00000000e+00]
 [0.00000000e+00 0.00000000e+00 0.00000000e+00 0.00000000e+00
  0.00000000e+00 0.00000000e+00 0.00000000e+00 0.00000000e+00
  0.00000000e+00 0.00000000e+00 0.00000000e+00]
 [0.00000000e+00 0.00000000e+00 0.00000000e+00 0.00000000e+00
  0.00000000e+00 0.00000000e+00 0.00000000e+00 0.00000000e+00
  0.00000000e+00 0.00000000e+00 0.00000000e+00]
 [0.00000000e+00 0.00000000e+00 0.00000000e+00 0.00000000e+00
  0.00000000e+00 0.00000000e+00 0.00000000e+00 0.00000000e+00
  0.00000000e+00 0.00000000e+00 0.00000000e+00]
 [0.00000000e+00 0.00000000e+00 0.00000000e+00 0.00000000e+00
  0.00000000e+00 0.00000000e+00 0.00000000e+00 0.00000000e+00
  0.00000000e+00 0.00000000e+00 0.00000000e+00]]
