Файлы: f:/amicorpus_1
Модель: 11

F1-score (weighted)
Среднее по датасету: 0.605131343419236
Объединенные результаты по датасету: 0.6027237921021403

              precision    recall  f1-score   support

           0       0.00      0.00      0.00     25877
           1       0.71      0.96      0.82    208670
           2       0.46      0.13      0.21     61976
           3       0.24      0.09      0.13      9216
           4       0.05      0.14      0.07       546

    accuracy                           0.69    306285
   macro avg       0.29      0.27      0.25    306285
weighted avg       0.58      0.69      0.60    306285


Confusion matrix (Precision)
[[0.         0.08852785 0.02788688 0.04919942 0.07414698]
 [0.         0.70949264 0.36875772 0.21484716 0.14173228]
 [0.         0.1815671  0.46173269 0.46899563 0.43372703]
 [0.         0.01963288 0.13202783 0.24425036 0.30052493]
 [0.         0.00077953 0.00959488 0.02270742 0.04986877]]
Confusion matrix (Recall)
[[0.         0.96989605 0.01920624 0.0065309  0.00436681]
 [0.         0.96393348 0.0314947  0.00353668 0.00103513]
 [0.         0.83056344 0.1327772  0.02599393 0.01066542]
 [0.         0.60394965 0.25531684 0.09103733 0.04969618]
 [0.         0.4047619  0.31318681 0.14285714 0.13919414]]
