Файлы: f:/amicorpus_1
Модель: 11

F1-score (weighted)
Среднее по датасету: 0.6073987467590811
Объединенные результаты по датасету: 0.598153184233833

              precision    recall  f1-score   support

           0       0.32      0.37      0.34     41109
           1       0.71      0.85      0.77    236687
           2       0.46      0.13      0.20     65328
           3       0.24      0.09      0.13      9741
           4       0.05      0.12      0.07       619

    accuracy                           0.64    353484
   macro avg       0.36      0.31      0.30    353484
weighted avg       0.60      0.64      0.60    353484


Confusion matrix (Precision)
[[0.3227187  0.08852785 0.02788688 0.04919942 0.07414698]
 [0.59359308 0.70949264 0.36875772 0.21484716 0.14173228]
 [0.07101845 0.1815671  0.46173269 0.46899563 0.43372703]
 [0.01112312 0.01963288 0.13202783 0.24425036 0.30052493]
 [0.00154664 0.00077953 0.00959488 0.02270742 0.04986877]]
Confusion matrix (Recall)
[[0.37052714 0.61052324 0.01208981 0.00411102 0.00274879]
 [0.11837152 0.84983121 0.02776663 0.00311804 0.0009126 ]
 [0.05131031 0.78794698 0.12596436 0.02466018 0.01011817]
 [0.0538959  0.57139924 0.24155631 0.08613079 0.04701776]
 [0.11793215 0.35702746 0.27625202 0.12600969 0.12277868]]
