F1-score (weighted)
Среднее по датасету: 0.13526444571903923
Объединенные результаты по датасету: 0.1549627367263796

              precision    recall  f1-score   support

         0.0       0.09      0.93      0.17      4043
         1.0       0.49      0.05      0.09     33354
         2.0       0.49      0.15      0.23     27385
         3.0       0.15      0.18      0.16      6092
         4.0       0.01      0.33      0.02       451

    accuracy                           0.15     71325
   macro avg       0.25      0.33      0.14     71325
weighted avg       0.44      0.15      0.15     71325


Confusion matrix (Precision)
[[0.09458478 0.03003905 0.0029274  0.00415104 0.0090494 ]
 [0.50714769 0.49113848 0.37318501 0.37988752 0.45147364]
 [0.3391583  0.4178432  0.48992974 0.45607927 0.40323786]
 [0.05545402 0.05857615 0.1264637  0.14836636 0.12403487]
 [0.00365521 0.00240312 0.00749415 0.0115158  0.01220423]]
Confusion matrix (Recall)
[[0.93445461 0.02473411 0.00618353 0.00766757 0.02696018]
 [0.60733345 0.04901961 0.09555076 0.08505726 0.16303892]
 [0.49468687 0.05079423 0.15278437 0.12437466 0.17735987]
 [0.3635916  0.03200919 0.17728168 0.18187787 0.24523966]
 [0.32372506 0.01773836 0.14190687 0.19068736 0.32594235]]
