F1-score (weighted)
Среднее по датасету: 0.3919310884412921
Объединенные результаты по датасету: 0.3721866218731325

              precision    recall  f1-score   support

         0.0       0.21      0.84      0.34      5534
         1.0       0.52      0.72      0.61     45501
         2.0       0.47      0.06      0.11     31212
         3.0       0.46      0.02      0.04      6430
         4.0       0.18      0.04      0.06       462

    accuracy                           0.44     89139
   macro avg       0.37      0.34      0.23     89139
weighted avg       0.48      0.44      0.37     89139


Confusion matrix (Precision)
[[0.21139137 0.01300153 0.01249099 0.0487013  0.10416667]
 [0.54379894 0.52295234 0.19216911 0.0487013  0.01041667]
 [0.21808414 0.38870432 0.46913284 0.37337662 0.1875    ]
 [0.02481333 0.0712369  0.29594043 0.46428571 0.52083333]
 [0.00191222 0.00410491 0.03026663 0.06493506 0.17708333]]
Confusion matrix (Recall)
[[8.38995302e-01 1.47090712e-01 9.39645826e-03 2.71051681e-03
  1.80701120e-03]
 [2.62499725e-01 7.19566603e-01 1.75820312e-02 3.29663084e-04
  2.19775390e-05]
 [1.53466615e-01 7.79700115e-01 6.25720877e-02 3.68448033e-03
  5.76701269e-04]
 [8.47589425e-02 6.93623639e-01 1.91601866e-01 2.22395023e-02
  7.77604977e-03]
 [9.09090909e-02 5.56277056e-01 2.72727273e-01 4.32900433e-02
  3.67965368e-02]]
