F1-score (weighted)
Среднее по датасету: 0.2084936905848921
Объединенные результаты по датасету: 0.22210090158745152

              precision    recall  f1-score   support

         0.0       0.08      0.92      0.14      4043
         1.0       0.46      0.16      0.24     33354
         2.0       0.48      0.15      0.23     27385
         3.0       0.32      0.11      0.16      6092
         4.0       0.06      0.02      0.03       451
         5.0       0.00      0.00      0.00         0
         6.0       0.00      0.00      0.00         0
         7.0       0.00      0.00      0.00         0
         9.0       0.00      0.00      0.00         0
        10.0       0.00      0.00      0.00         0

    accuracy                           0.20     71325
   macro avg       0.14      0.14      0.08     71325
weighted avg       0.43      0.20      0.22     71325


Confusion matrix (Precision)
[[0.07667207 0.01598825 0.00678998 0.01751894 0.03773585 0.08333333
  0.28571429 0.09090909 0.33333333 1.        ]
 [0.50881442 0.46400484 0.33411379 0.14867424 0.08805031 0.046875
  0.         0.09090909 0.         0.        ]
 [0.35083219 0.43721372 0.48220557 0.47064394 0.32704403 0.3125
  0.14285714 0.45454545 0.         0.        ]
 [0.06002832 0.07899058 0.165535   0.31960227 0.48427673 0.43229167
  0.28571429 0.18181818 0.         0.        ]
 [0.00365301 0.00380261 0.01135565 0.04356061 0.06289308 0.125
  0.28571429 0.18181818 0.66666667 0.        ]
 [0.         0.         0.         0.         0.         0.
  0.         0.         0.         0.        ]
 [0.         0.         0.         0.         0.         0.
  0.         0.         0.         0.        ]
 [0.         0.         0.         0.         0.         0.
  0.         0.         0.         0.        ]
 [0.         0.         0.         0.         0.         0.
  0.         0.         0.         0.        ]
 [0.         0.         0.         0.         0.         0.
  0.         0.         0.         0.        ]]
Confusion matrix (Recall)
[[9.24066287e-01 4.57581004e-02 1.43457828e-02 9.15162008e-03
  1.48404650e-03 3.95745733e-03 4.94682167e-04 2.47341083e-04
  2.47341083e-04 2.47341083e-04]
 [7.43329136e-01 1.60970198e-01 8.55669485e-02 9.41416322e-03
  4.19739761e-04 2.69832704e-04 0.00000000e+00 2.99814115e-05
  0.00000000e+00 0.00000000e+00]
 [6.24246850e-01 1.84736169e-01 1.50410809e-01 3.62972430e-02
  1.89884974e-03 2.19098046e-03 3.65163411e-05 1.82581705e-04
  0.00000000e+00 0.00000000e+00]
 [4.80137886e-01 1.50032830e-01 2.32107682e-01 1.10801051e-01
  1.26395272e-02 1.36244255e-02 3.28299409e-04 3.28299409e-04
  0.00000000e+00 0.00000000e+00]
 [3.94678492e-01 9.75609756e-02 2.15077605e-01 2.03991131e-01
  2.21729490e-02 5.32150776e-02 4.43458980e-03 4.43458980e-03
  4.43458980e-03 0.00000000e+00]
 [0.00000000e+00 0.00000000e+00 0.00000000e+00 0.00000000e+00
  0.00000000e+00 0.00000000e+00 0.00000000e+00 0.00000000e+00
  0.00000000e+00 0.00000000e+00]
 [0.00000000e+00 0.00000000e+00 0.00000000e+00 0.00000000e+00
  0.00000000e+00 0.00000000e+00 0.00000000e+00 0.00000000e+00
  0.00000000e+00 0.00000000e+00]
 [0.00000000e+00 0.00000000e+00 0.00000000e+00 0.00000000e+00
  0.00000000e+00 0.00000000e+00 0.00000000e+00 0.00000000e+00
  0.00000000e+00 0.00000000e+00]
 [0.00000000e+00 0.00000000e+00 0.00000000e+00 0.00000000e+00
  0.00000000e+00 0.00000000e+00 0.00000000e+00 0.00000000e+00
  0.00000000e+00 0.00000000e+00]
 [0.00000000e+00 0.00000000e+00 0.00000000e+00 0.00000000e+00
  0.00000000e+00 0.00000000e+00 0.00000000e+00 0.00000000e+00
  0.00000000e+00 0.00000000e+00]]
