Файлы: f:/amicorpus_1
Модель: 11

F1-score (weighted)
Среднее по датасету: 0.5984545141300732
Объединенные результаты по датасету: 0.593910692553739

              precision    recall  f1-score   support

           0       0.00      0.00      0.00     18964
           1       0.70      0.96      0.81    169223
           2       0.46      0.13      0.21     55123
           3       0.23      0.08      0.12      8074
           4       0.04      0.10      0.06       446

    accuracy                           0.68    251830
   macro avg       0.29      0.25      0.24    251830
weighted avg       0.58      0.68      0.59    251830


Confusion matrix (Precision)
[[0.         0.07877547 0.02817779 0.05319149 0.08812261]
 [0.         0.70039884 0.37204663 0.23085106 0.15708812]
 [0.         0.19798642 0.46362446 0.46347518 0.44157088]
 [0.         0.02197693 0.12717412 0.23156028 0.27203065]
 [0.         0.00086235 0.008977   0.02092199 0.04118774]]
Confusion matrix (Recall)
[[0.         0.96340435 0.02383463 0.00790972 0.0048513 ]
 [0.         0.9599168  0.03526707 0.00384699 0.00096914]
 [0.         0.83300981 0.13491646 0.02371061 0.00836312]
 [0.         0.63128561 0.25266287 0.08087689 0.03517463]
 [0.         0.44843049 0.32286996 0.132287   0.09641256]]
