Файлы: f:/amicorpus_1
Модель: 11

F1-score (weighted)
Среднее по датасету: 0.5484426314236229
Объединенные результаты по датасету: 0.5370912534882795

              precision    recall  f1-score   support

           0       0.22      0.54      0.31     41069
           1       0.70      0.69      0.69    236687
           2       0.46      0.11      0.18     65328
           3       0.23      0.07      0.10      9741
           4       0.04      0.07      0.05       619

    accuracy                           0.55    353444
   macro avg       0.33      0.30      0.27    353444
weighted avg       0.59      0.55      0.54    353444


Confusion matrix (Precision)
[[0.21780834 0.07863642 0.02817779 0.05319149 0.08812261]
 [0.66369566 0.70050455 0.37204663 0.23085106 0.15708812]
 [0.10039449 0.1980163  0.46362446 0.46347518 0.44157088]
 [0.01639957 0.02198025 0.12717412 0.23156028 0.27203065]
 [0.00170194 0.00086248 0.008977   0.02092199 0.04118774]]
Confusion matrix (Recall)
[[5.39092746e-01 4.44008863e-01 1.10058682e-02 3.65238988e-03
  2.24013246e-03]
 [2.85034666e-01 6.86307233e-01 2.52147351e-02 2.75046792e-03
  6.92898216e-04]
 [1.56211732e-01 7.02883909e-01 1.13840926e-01 2.00067352e-02
  7.05669851e-03]
 [1.71132327e-01 5.23252233e-01 2.09424084e-01 6.70362386e-02
  2.91551175e-02]
 [2.79483037e-01 3.23101777e-01 2.32633279e-01 9.53150242e-02
  6.94668821e-02]]
