Файлы: f:/amicorpus_1
Модель: 10

F1-score (weighted)
Среднее по датасету: 0.4902866568225858
Объединенные результаты по датасету: 0.4870707082989546

              precision    recall  f1-score   support

           0       0.20      1.00      0.34     34412
           1       0.78      0.48      0.59    236687
           2       0.43      0.16      0.24     65328
           3       0.23      0.13      0.16      9741
           4       0.05      0.20      0.08       619

    accuracy                           0.46    346787
   macro avg       0.34      0.39      0.28    346787
weighted avg       0.64      0.46      0.49    346787


Confusion matrix (Precision)
[[2.04515604e-01 0.00000000e+00 0.00000000e+00 0.00000000e+00
  0.00000000e+00]
 [6.55142903e-01 7.77660913e-01 4.61364358e-01 2.46753247e-01
  1.49501661e-01]
 [1.29352613e-01 1.99117326e-01 4.25230305e-01 5.05396012e-01
  4.67607973e-01]
 [1.06560641e-02 2.22799673e-02 1.05940280e-01 2.26815438e-01
  3.31810631e-01]
 [3.32816279e-04 9.41794359e-04 7.46505718e-03 2.10353027e-02
  5.10797342e-02]]
Confusion matrix (Recall)
[[1.         0.         0.         0.         0.        ]
 [0.46574168 0.47794767 0.04909015 0.00569951 0.001521  ]
 [0.33316495 0.44337803 0.16392665 0.04229427 0.0172361 ]
 [0.18406734 0.33271738 0.27389385 0.12729699 0.08202443]
 [0.0904685  0.22132472 0.30371567 0.18578352 0.19870759]]
