Файлы: f:/amicorpus_1
Модель: 10

F1-score (weighted)
Среднее по датасету: 0.49939961935870597
Объединенные результаты по датасету: 0.503667957611241

              precision    recall  f1-score   support

           0       0.00      0.00      0.00         0
           1       0.78      0.48      0.59    236296
           2       0.43      0.16      0.24     65327
           3       0.23      0.13      0.16      9741
           4       0.05      0.20      0.08       619

    accuracy                           0.40    311983
   macro avg       0.30      0.19      0.21    311983
weighted avg       0.69      0.40      0.50    311983


Confusion matrix (Precision)
[[0.00000000e+00 0.00000000e+00 0.00000000e+00 0.00000000e+00
  0.00000000e+00]
 [8.23066606e-01 7.77660913e-01 4.61364358e-01 2.46753247e-01
  1.49501661e-01]
 [1.63078744e-01 1.99117326e-01 4.25230305e-01 5.05396012e-01
  4.67607973e-01]
 [1.34350390e-02 2.22799673e-02 1.05940280e-01 2.26815438e-01
  3.31810631e-01]
 [4.19610811e-04 9.41794359e-04 7.46505718e-03 2.10353027e-02
  5.10797342e-02]]
Confusion matrix (Recall)
[[0.         0.         0.         0.         0.        ]
 [0.46485764 0.47873853 0.04917138 0.00570894 0.00152351]
 [0.33315474 0.44338482 0.16392916 0.04229492 0.01723636]
 [0.18406734 0.33271738 0.27389385 0.12729699 0.08202443]
 [0.0904685  0.22132472 0.30371567 0.18578352 0.19870759]]
