Файлы: f:/amicorpus_1
Модель: 10

F1-score (weighted)
Среднее по датасету: 0.44679490173551545
Объединенные результаты по датасету: 0.4498962708345563

              precision    recall  f1-score   support

           0       0.14      0.87      0.24     18029
           1       0.72      0.45      0.56    162273
           2       0.44      0.17      0.25     53156
           3       0.20      0.11      0.14      7766
           4       0.04      0.12      0.06       432

    accuracy                           0.41    241656
   macro avg       0.31      0.35      0.25    241656
weighted avg       0.60      0.41      0.45    241656


Confusion matrix (Precision)
[[1.37870212e-01 1.63402892e-02 1.73402121e-02 4.75398146e-02
  7.29092209e-02]
 [6.91913475e-01 7.22936705e-01 4.29874845e-01 2.52436415e-01
  1.65832738e-01]
 [1.56359967e-01 2.31808701e-01 4.39954142e-01 4.87283100e-01
  4.48892066e-01]
 [1.34175771e-02 2.77676180e-02 1.05378810e-01 1.99429522e-01
  2.73766976e-01]
 [4.38769690e-04 1.14668696e-03 7.45199197e-03 1.33111481e-02
  3.85989993e-02]]
Confusion matrix (Recall)
[[0.87142936 0.09168562 0.02013423 0.01109324 0.00565755]
 [0.48589106 0.45067879 0.05545593 0.00654453 0.00142969]
 [0.33520205 0.44115434 0.1732636  0.03856573 0.01181428]
 [0.19688385 0.36170487 0.28405872 0.10803502 0.04931754]
 [0.11574074 0.26851852 0.36111111 0.12962963 0.125     ]]
