Файлы: f:/amicorpus_1
Модель: 10

F1-score (weighted)
Среднее по датасету: 0.3705999830071685
Объединенные результаты по датасету: 0.3664003521332034

              precision    recall  f1-score   support

           0       0.17      0.94      0.29     41066
           1       0.72      0.31      0.43    236687
           2       0.44      0.14      0.21     65328
           3       0.20      0.09      0.12      9741
           4       0.04      0.09      0.05       619

    accuracy                           0.34    353441
   macro avg       0.31      0.31      0.22    353441
weighted avg       0.59      0.34      0.37    353441


Confusion matrix (Precision)
[[0.1715909  0.01633864 0.01735762 0.04763039 0.0730136 ]
 [0.67892854 0.72291564 0.42978052 0.2517266  0.16535433]
 [0.13285685 0.23188606 0.44006121 0.48797333 0.44953472]
 [0.01557421 0.02771239 0.10534118 0.19933317 0.27344309]
 [0.0010495  0.00114727 0.00745947 0.01333651 0.03865426]]
Confusion matrix (Recall)
[[0.94357863 0.04022793 0.00883943 0.00487021 0.00248381]
 [0.64776266 0.30882135 0.0379742  0.00446581 0.00097597]
 [0.45925178 0.35889664 0.14087374 0.03136481 0.00961303]
 [0.36105123 0.28765014 0.22615748 0.08592547 0.03921569]
 [0.38287561 0.18739903 0.25201939 0.0904685  0.08723748]]
