Файлы: f:/amicorpus_1
Модель: 11

F1-score (weighted)
Среднее по датасету: 0.620552587774765
Объединенные результаты по датасету: 0.6143394076579144

              precision    recall  f1-score   support

           0       0.42      0.28      0.34     41108
           1       0.71      0.91      0.80    236687
           2       0.46      0.13      0.20     65328
           3       0.25      0.09      0.13      9741
           4       0.06      0.16      0.08       619

    accuracy                           0.67    353483
   macro avg       0.38      0.31      0.31    353483
weighted avg       0.62      0.67      0.61    353483


Confusion matrix (Precision)
[[0.42292303 0.09480983 0.02799275 0.04915769 0.06942824]
 [0.50898443 0.71075629 0.36895549 0.21237227 0.14235706]
 [0.05779863 0.17499843 0.46072781 0.4683789  0.4218203 ]
 [0.00898443 0.01870142 0.13249904 0.24661696 0.30980163]
 [0.00130947 0.00073404 0.00982491 0.02347418 0.05659277]]
Confusion matrix (Recall)
[[0.28284032 0.69752846 0.01240634 0.00433006 0.00289481]
 [0.05912027 0.90819944 0.02840038 0.00324902 0.0010309 ]
 [0.02432341 0.81015797 0.12849008 0.0259613  0.01106723]
 [0.02535674 0.58063854 0.2478185  0.09167437 0.05451186]
 [0.05815832 0.35864297 0.28917609 0.13731826 0.15670436]]
