Файлы: f:/amicorpus_1
Модель: 11

F1-score (weighted)
Среднее по датасету: 0.6043158530444639
Объединенные результаты по датасету: 0.6034366850850051

              precision    recall  f1-score   support

           0       0.00      0.00      0.00     29481
           1       0.71      0.97      0.82    222694
           2       0.46      0.13      0.20     63739
           3       0.25      0.09      0.14      9494
           4       0.06      0.17      0.08       583

    accuracy                           0.69    325991
   macro avg       0.29      0.27      0.25    325991
weighted avg       0.58      0.69      0.60    325991


Confusion matrix (Precision)
[[0.         0.09480983 0.02799275 0.04915769 0.06942824]
 [0.         0.71075629 0.36895549 0.21237227 0.14235706]
 [0.         0.17499843 0.46072781 0.4683789  0.4218203 ]
 [0.         0.01870142 0.13249904 0.24661696 0.30980163]
 [0.         0.00073404 0.00982491 0.02347418 0.05659277]]
Confusion matrix (Recall)
[[0.         0.97262644 0.01729928 0.00603779 0.0040365 ]
 [0.         0.96526624 0.03018492 0.00345317 0.00109567]
 [0.         0.83035504 0.13169331 0.02660851 0.01134313]
 [0.         0.59574468 0.25426585 0.09405941 0.05593006]
 [0.         0.38078902 0.30703259 0.1457976  0.16638079]]
