Файлы: F:/1amicorpus/loud
Модель: 1

F1-score
Среднее по датасету :0.29650175712019583
Объединенные результаты по датасету: 0.31291936271893805

              precision    recall  f1-score   support

           0       0.28      0.68      0.40      3972
           1       0.41      0.69      0.51     27796
           2       0.35      0.18      0.24     24365
           3       0.27      0.03      0.06     12694
           4       0.10      0.02      0.04      3097
           5       0.00      0.00      0.00         4
           6       0.00      0.00      0.00         0
           7       0.00      0.00      0.00         0
           8       0.00      0.00      0.00         0
           9       0.00      0.00      0.00         0
          10       0.00      0.00      0.00         0

    accuracy                           0.37     71928
   macro avg       0.13      0.15      0.11     71928
weighted avg       0.34      0.37      0.31     71928

Confusion matrix (Precision)
[[2.84655300e-01 1.80832212e-02 5.49850408e-03 1.08368453e-02
  1.70015456e-02 2.24719101e-02 1.64179104e-01 1.13207547e-01
  1.30952381e-01 2.60416667e-01 5.34979424e-01]
 [3.69691835e-01 4.08228186e-01 3.49155009e-01 2.93798916e-01
  2.25656878e-01 1.12359551e-01 1.34328358e-01 9.43396226e-02
  2.26190476e-01 2.91666667e-01 2.73662551e-01]
 [2.46955417e-01 3.55899998e-01 3.52470284e-01 3.44972908e-01
  3.32302937e-01 2.80898876e-01 3.88059701e-01 4.33962264e-01
  3.57142857e-01 2.55208333e-01 1.29629630e-01]
 [8.42952452e-02 1.77330857e-01 2.27298456e-01 2.65502709e-01
  3.21483771e-01 4.15730337e-01 1.64179104e-01 2.45283019e-01
  2.38095238e-01 1.30208333e-01 5.34979424e-02]
 [1.44022027e-02 4.03723393e-02 6.55777472e-02 8.48886213e-02
  1.03554869e-01 1.68539326e-01 1.49253731e-01 1.13207547e-01
  4.76190476e-02 6.25000000e-02 8.23045267e-03]
 [0.00000000e+00 8.53989197e-05 0.00000000e+00 0.00000000e+00
  0.00000000e+00 0.00000000e+00 0.00000000e+00 0.00000000e+00
  0.00000000e+00 0.00000000e+00 0.00000000e+00]
 [0.00000000e+00 0.00000000e+00 0.00000000e+00 0.00000000e+00
  0.00000000e+00 0.00000000e+00 0.00000000e+00 0.00000000e+00
  0.00000000e+00 0.00000000e+00 0.00000000e+00]
 [0.00000000e+00 0.00000000e+00 0.00000000e+00 0.00000000e+00
  0.00000000e+00 0.00000000e+00 0.00000000e+00 0.00000000e+00
  0.00000000e+00 0.00000000e+00 0.00000000e+00]
 [0.00000000e+00 0.00000000e+00 0.00000000e+00 0.00000000e+00
  0.00000000e+00 0.00000000e+00 0.00000000e+00 0.00000000e+00
  0.00000000e+00 0.00000000e+00 0.00000000e+00]
 [0.00000000e+00 0.00000000e+00 0.00000000e+00 0.00000000e+00
  0.00000000e+00 0.00000000e+00 0.00000000e+00 0.00000000e+00
  0.00000000e+00 0.00000000e+00 0.00000000e+00]
 [0.00000000e+00 0.00000000e+00 0.00000000e+00 0.00000000e+00
  0.00000000e+00 0.00000000e+00 0.00000000e+00 0.00000000e+00
  0.00000000e+00 0.00000000e+00 0.00000000e+00]]

Confusion matrix (Recall)[[6.76737160e-01 2.13242699e-01 1.71198389e-02 4.53172205e-03
  2.76938570e-03 5.03524673e-04 2.76938570e-03 1.51057402e-03
  2.76938570e-03 1.25881168e-02 6.54582075e-02]
 [1.25593611e-01 6.87904734e-01 1.55346093e-01 1.75564829e-02
  5.25255432e-03 3.59763995e-04 3.23787595e-04 1.79881997e-04
  6.83551590e-04 2.01467837e-03 4.78486113e-03]
 [9.57110609e-02 6.84178124e-01 1.78904166e-01 2.35173404e-02
  8.82413298e-03 1.02606197e-03 1.06710445e-03 9.43977016e-04
  1.23127437e-03 2.01108147e-03 2.58567617e-03]
 [6.27067906e-02 6.54324878e-01 2.21443202e-01 3.47408224e-02
  1.63856940e-02 2.91476288e-03 8.66551127e-04 1.02410588e-03
  1.57554750e-03 1.96943438e-03 2.04821175e-03]
 [4.39134646e-02 6.10590894e-01 2.61866322e-01 4.55279303e-02
  2.16338392e-02 4.84339684e-03 3.22893122e-03 1.93735873e-03
  1.29157249e-03 3.87471747e-03 1.29157249e-03]
 [0.00000000e+00 1.00000000e+00 0.00000000e+00 0.00000000e+00
  0.00000000e+00 0.00000000e+00 0.00000000e+00 0.00000000e+00
  0.00000000e+00 0.00000000e+00 0.00000000e+00]
 [0.00000000e+00 0.00000000e+00 0.00000000e+00 0.00000000e+00
  0.00000000e+00 0.00000000e+00 0.00000000e+00 0.00000000e+00
  0.00000000e+00 0.00000000e+00 0.00000000e+00]
 [0.00000000e+00 0.00000000e+00 0.00000000e+00 0.00000000e+00
  0.00000000e+00 0.00000000e+00 0.00000000e+00 0.00000000e+00
  0.00000000e+00 0.00000000e+00 0.00000000e+00]
 [0.00000000e+00 0.00000000e+00 0.00000000e+00 0.00000000e+00
  0.00000000e+00 0.00000000e+00 0.00000000e+00 0.00000000e+00
  0.00000000e+00 0.00000000e+00 0.00000000e+00]
 [0.00000000e+00 0.00000000e+00 0.00000000e+00 0.00000000e+00
  0.00000000e+00 0.00000000e+00 0.00000000e+00 0.00000000e+00
  0.00000000e+00 0.00000000e+00 0.00000000e+00]
 [0.00000000e+00 0.00000000e+00 0.00000000e+00 0.00000000e+00
  0.00000000e+00 0.00000000e+00 0.00000000e+00 0.00000000e+00
  0.00000000e+00 0.00000000e+00 0.00000000e+00]]