Файлы: f:/1amicorpus/loud
Модель: 1

F1-score (weighted)
Среднее по датасету: 0.37914295134428405
Объединенные результаты по датасету: 0.4042942167665043

              precision    recall  f1-score   support

           0       0.28      0.68      0.40      3952
           1       0.49      0.68      0.57     33697
           2       0.45      0.20      0.28     27682
           3       0.17      0.05      0.07      6147
           4       0.02      0.03      0.03       453
           5       0.00      0.00      0.00         0
           6       0.00      0.00      0.00         0
           7       0.00      0.00      0.00         0
           8       0.00      0.00      0.00         0
           9       0.00      0.00      0.00         0
          10       0.00      0.00      0.00         0

    accuracy                           0.44     71931
   macro avg       0.13      0.15      0.12     71931
weighted avg       0.44      0.44      0.40     71931


Confusion matrix (Precision)
[[0.28382384 0.01786972 0.00533678 0.01083685 0.01700155 0.02247191
  0.1641791  0.11320755 0.13095238 0.26041667 0.53292181]
 [0.50169384 0.49217532 0.39330476 0.33353402 0.26584235 0.16853933
  0.1641791  0.22641509 0.32142857 0.42708333 0.34567901]
 [0.18822782 0.40622131 0.4529797  0.46779049 0.44513138 0.39325843
  0.41791045 0.47169811 0.41666667 0.19791667 0.10082305]
 [0.02403134 0.07914345 0.13511765 0.17278748 0.2488408  0.38202247
  0.20895522 0.18867925 0.11904762 0.09375    0.01646091]
 [0.00222316 0.00459019 0.0132611  0.01505117 0.02318393 0.03370787
  0.04477612 0.         0.01190476 0.02083333 0.00411523]
 [0.         0.         0.         0.         0.         0.
  0.         0.         0.         0.         0.        ]
 [0.         0.         0.         0.         0.         0.
  0.         0.         0.         0.         0.        ]
 [0.         0.         0.         0.         0.         0.
  0.         0.         0.         0.         0.        ]
 [0.         0.         0.         0.         0.         0.
  0.         0.         0.         0.         0.        ]
 [0.         0.         0.         0.         0.         0.
  0.         0.         0.         0.         0.        ]
 [0.         0.         0.         0.         0.         0.
  0.         0.         0.         0.         0.        ]]
Confusion matrix (Recall)
[[6.78390688e-01 2.11791498e-01 1.67004049e-02 4.55465587e-03
  2.78340081e-03 5.06072874e-04 2.78340081e-03 1.51821862e-03
  2.78340081e-03 1.26518219e-02 6.55364372e-02]
 [1.40635665e-01 6.84126183e-01 1.44345194e-01 1.64406327e-02
  5.10431196e-03 4.45143485e-04 3.26438555e-04 3.56114788e-04
  8.01258272e-04 2.43345105e-03 4.98560703e-03]
 [6.42294632e-02 6.87341955e-01 2.02369771e-01 2.80687812e-02
  1.04038726e-02 1.26435951e-03 1.01148761e-03 9.03113937e-04
  1.26435951e-03 1.37273318e-03 1.77010332e-03]
 [3.69285830e-02 6.03058402e-01 2.71839922e-01 4.66894420e-02
  2.61916382e-02 5.53115341e-03 2.27753376e-03 1.62680983e-03
  1.62680983e-03 2.92825769e-03 1.30144786e-03]
 [4.63576159e-02 4.74613687e-01 3.62030905e-01 5.51876380e-02
  3.31125828e-02 6.62251656e-03 6.62251656e-03 0.00000000e+00
  2.20750552e-03 8.83002208e-03 4.41501104e-03]
 [0.00000000e+00 0.00000000e+00 0.00000000e+00 0.00000000e+00
  0.00000000e+00 0.00000000e+00 0.00000000e+00 0.00000000e+00
  0.00000000e+00 0.00000000e+00 0.00000000e+00]
 [0.00000000e+00 0.00000000e+00 0.00000000e+00 0.00000000e+00
  0.00000000e+00 0.00000000e+00 0.00000000e+00 0.00000000e+00
  0.00000000e+00 0.00000000e+00 0.00000000e+00]
 [0.00000000e+00 0.00000000e+00 0.00000000e+00 0.00000000e+00
  0.00000000e+00 0.00000000e+00 0.00000000e+00 0.00000000e+00
  0.00000000e+00 0.00000000e+00 0.00000000e+00]
 [0.00000000e+00 0.00000000e+00 0.00000000e+00 0.00000000e+00
  0.00000000e+00 0.00000000e+00 0.00000000e+00 0.00000000e+00
  0.00000000e+00 0.00000000e+00 0.00000000e+00]
 [0.00000000e+00 0.00000000e+00 0.00000000e+00 0.00000000e+00
  0.00000000e+00 0.00000000e+00 0.00000000e+00 0.00000000e+00
  0.00000000e+00 0.00000000e+00 0.00000000e+00]
 [0.00000000e+00 0.00000000e+00 0.00000000e+00 0.00000000e+00
  0.00000000e+00 0.00000000e+00 0.00000000e+00 0.00000000e+00
  0.00000000e+00 0.00000000e+00 0.00000000e+00]]
