Файлы: f:/1amicorpus/loud
Модель: 1

F1-score (weighted)
Среднее по датасету: 0.380185664891376
Объединенные результаты по датасету: 0.411787899870477

              precision    recall  f1-score   support

           0       0.00      0.00      0.00         0
           1       0.50      0.69      0.58     33323
           2       0.45      0.20      0.28     27379
           3       0.20      0.09      0.12      6542

    accuracy                           0.43     67244
   macro avg       0.29      0.24      0.24     67244
weighted avg       0.45      0.43      0.41     67244


Confusion matrix (Precision)
[[0.         0.         0.         0.        ]
 [0.69991015 0.50084151 0.39392672 0.35861587]
 [0.26370171 0.41373959 0.45474318 0.43795876]
 [0.03638814 0.0854189  0.1513301  0.20342538]]
Confusion matrix (Recall)
[[0.         0.         0.         0.        ]
 [0.14026348 0.68763317 0.14131381 0.03078954]
 [0.06431937 0.6913693  0.19854633 0.045765  ]
 [0.0371446  0.59737083 0.27652094 0.08896362]]
