F1-score (weighted)
Среднее по датасету: 0.1672463828449623
Объединенные результаты по датасету: 0.15989675593815128

              precision    recall  f1-score   support

         0.0       0.38      0.90      0.53    103619
         1.0       0.85      0.05      0.09    491921
         2.0       0.16      0.13      0.14    102501
         3.0       0.03      0.26      0.05     13609
         4.0       0.00      0.63      0.00       827

    accuracy                           0.19    712477
   macro avg       0.28      0.39      0.16    712477
weighted avg       0.67      0.19      0.16    712477


Confusion matrix (Precision)
[[3.81086096e-01 4.11580828e-02 8.31090896e-03 1.56190505e-02
  3.07686129e-02]
 [5.42383040e-01 8.51146174e-01 8.17862501e-01 7.65885963e-01
  7.39249951e-01]
 [7.14074585e-02 9.98437035e-02 1.56835663e-01 1.90295582e-01
  1.95294790e-01]
 [4.95098281e-03 7.66597202e-03 1.63955897e-02 2.66389924e-02
  3.23617086e-02]
 [1.72422287e-04 1.86067282e-04 5.95337318e-04 1.56041183e-03
  2.32493797e-03]]
Confusion matrix (Recall)
[[0.89585887 0.01067372 0.00673622 0.02018935 0.06654185]
 [0.26857565 0.04649527 0.13963421 0.20853348 0.33676139]
 [0.16969591 0.02617535 0.12850606 0.24866099 0.42696169]
 [0.08861783 0.01513704 0.10118304 0.26217944 0.53288265]
 [0.05078597 0.00604595 0.06045949 0.25272068 0.62998791]]
