F1-score (weighted)
Среднее по датасету: 0.05345302587814512
Объединенные результаты по датасету: 0.057399363794221205

              precision    recall  f1-score   support

         0.0       0.07      0.99      0.12      5534
         1.0       0.47      0.03      0.05     45501
         2.0       0.47      0.03      0.06     31212
         3.0       0.29      0.04      0.06      6430
         4.0       0.03      0.09      0.05       462

    accuracy                           0.09     89139
   macro avg       0.27      0.23      0.07     89139
weighted avg       0.43      0.09      0.06     89139


Confusion matrix (Precision)
[[0.06617291 0.0112     0.00711021 0.00873908 0.01374293]
 [0.52155339 0.4712     0.33468766 0.1897628  0.33548909]
 [0.34296641 0.4288     0.47486034 0.47940075 0.38884398]
 [0.06505954 0.0824     0.16962925 0.29088639 0.22716249]
 [0.00424775 0.0064     0.01371254 0.03121099 0.03476152]]
Confusion matrix (Recall)
[[0.98807373 0.00505963 0.00252982 0.00126491 0.00307192]
 [0.947166   0.02588954 0.0144832  0.00334059 0.00912068]
 [0.90798411 0.03434576 0.02995643 0.01230296 0.01541074]
 [0.83608087 0.03203733 0.05194401 0.03623639 0.0437014 ]
 [0.75974026 0.03463203 0.05844156 0.05411255 0.09307359]]
