Файлы: f:/amicorpus_1
Модель: 10

F1-score (weighted)
Среднее по датасету: 0.48867719527544684
Объединенные результаты по датасету: 0.48369252059048695

              precision    recall  f1-score   support

           0       0.22      0.93      0.36     41489
           1       0.77      0.48      0.59    238272
           2       0.42      0.16      0.24     65950
           3       0.22      0.13      0.16      9816
           4       0.05      0.20      0.08       619

    accuracy                           0.46    356146
   macro avg       0.33      0.38      0.28    356146
weighted avg       0.62      0.46      0.48    356146


Confusion matrix (Precision)
[[2.21943223e-01 1.47577152e-02 1.77606178e-02 4.12907703e-02
  5.74534161e-02]
 [6.40229049e-01 7.65995372e-01 4.53513514e-01 2.36988203e-01
  1.43245342e-01]
 [1.27039102e-01 1.96343531e-01 4.17799228e-01 4.85600278e-01
  4.39440994e-01]
 [1.04653713e-02 2.19818656e-02 1.03667954e-01 2.16169327e-01
  3.12111801e-01]
 [3.23254713e-04 9.21516399e-04 7.25868726e-03 1.99514226e-02
  4.77484472e-02]]
Confusion matrix (Recall)
[[0.92672757 0.05288149 0.01108728 0.00573646 0.00356721]
 [0.46548482 0.47793698 0.0492966  0.00573294 0.00154865]
 [0.33370735 0.44260804 0.16407885 0.04244124 0.01716452]
 [0.18469845 0.33292584 0.27353301 0.12693562 0.08190709]
 [0.0904685  0.22132472 0.30371567 0.18578352 0.19870759]]
