F1-score (weighted)
Среднее по датасету: 0.20100536270209485
Объединенные результаты по датасету: 0.21418981598061673

              precision    recall  f1-score   support

         0.0       0.08      0.94      0.14      4043
         1.0       0.46      0.23      0.31     33354
         2.0       0.48      0.09      0.15     27385
         3.0       0.37      0.02      0.05      6092
         4.0       0.08      0.02      0.04       451

    accuracy                           0.20     71325
   macro avg       0.29      0.26      0.14     71325
weighted avg       0.44      0.20      0.21     71325


Confusion matrix (Precision)
[[0.07727821 0.01277804 0.00689376 0.01518987 0.02836879]
 [0.48953077 0.46332229 0.29805353 0.16962025 0.14893617]
 [0.35748575 0.43279697 0.47992701 0.39493671 0.32624113]
 [0.07065961 0.08648841 0.19566099 0.3721519  0.41843972]
 [0.00504566 0.00461429 0.01946472 0.04810127 0.07801418]]
Confusion matrix (Recall)
[[9.35691318e-01 5.34256740e-02 8.40959683e-03 1.48404650e-03
  9.89364333e-04]
 [7.18474546e-01 2.34814415e-01 4.40726749e-02 2.00875457e-03
  6.29609642e-04]
 [6.39035969e-01 2.67153551e-01 8.64341793e-02 5.69654921e-03
  1.67975169e-03]
 [5.67793828e-01 2.39986868e-01 1.58404465e-01 2.41300066e-02
  9.68483257e-03]
 [5.47671840e-01 1.72949002e-01 2.12860310e-01 4.21286031e-02
  2.43902439e-02]]
