F1-score (weighted)
Среднее по датасету: 0.07405018863500945
Объединенные результаты по датасету: 0.08104930490723773

              precision    recall  f1-score   support

         0.0       0.09      0.96      0.16     12965
         1.0       0.60      0.03      0.06     98383
         2.0       0.34      0.06      0.10     50365
         3.0       0.14      0.08      0.10     13862
         4.0       0.05      0.30      0.08      2611

    accuracy                           0.11    178186
   macro avg       0.24      0.29      0.10    178186
weighted avg       0.45      0.11      0.08    178186


Confusion matrix (Precision)
[[0.08850416 0.06749226 0.00461348 0.00315841 0.01050146]
 [0.56991772 0.60082559 0.56993361 0.45590379 0.42204685]
 [0.26596208 0.28090815 0.34105998 0.38520408 0.34381408]
 [0.06436212 0.04602683 0.0752785  0.13763362 0.17510719]
 [0.01125392 0.00474716 0.00911444 0.0181001  0.04853042]]
Confusion matrix (Recall)
[[0.9565754  0.02522175 0.00316236 0.0020054  0.01303509]
 [0.81174593 0.02958845 0.05148247 0.03814683 0.06903632]
 [0.73997816 0.02702273 0.06018068 0.06296039 0.10985804]
 [0.65062762 0.01608714 0.04826143 0.08173424 0.20328957]
 [0.60398315 0.00880889 0.0310226  0.05706626 0.29911911]]
