Файлы: f:/amicorpus_1
Модель: 8

F1-score (weighted)
Среднее по датасету: 0.4527193446552446
Объединенные результаты по датасету: 0.4548578904420604

              precision    recall  f1-score   support

           0       0.00      0.00      0.00         0
           1       0.74      0.47      0.57    238247
           2       0.25      0.06      0.09     65948
           3       0.05      0.04      0.04      9816
           4       0.01      0.03      0.02       619
           5       0.00      0.00      0.00         0
           6       0.00      0.00      0.00         0
           7       0.00      0.00      0.00         0
           8       0.00      0.00      0.00         0
           9       0.00      0.00      0.00         0
          10       0.00      0.00      0.00         0

    accuracy                           0.37    314630
   macro avg       0.10      0.05      0.07    314630
weighted avg       0.61      0.37      0.45    314630


Confusion matrix (Precision)
[[0.00000000e+00 0.00000000e+00 0.00000000e+00 0.00000000e+00
  0.00000000e+00 0.00000000e+00 0.00000000e+00 0.00000000e+00
  0.00000000e+00 0.00000000e+00 0.00000000e+00]
 [7.82993079e-01 7.39588786e-01 6.75757160e-01 7.64691015e-01
  7.61479592e-01 8.02919708e-01 8.61995754e-01 8.85496183e-01
  9.17431193e-01 9.28774929e-01 9.36363636e-01]
 [1.94904903e-01 2.22331184e-01 2.51404687e-01 1.80968027e-01
  1.77295918e-01 1.45985401e-01 9.97876858e-02 9.41475827e-02
  6.42201835e-02 6.83760684e-02 5.45454545e-02]
 [2.12659222e-02 3.58669220e-02 6.60545430e-02 4.89068621e-02
  4.97448980e-02 3.83211679e-02 3.39702760e-02 1.78117048e-02
  1.83486239e-02 2.84900285e-03 9.09090909e-03]
 [8.36096086e-04 2.21310769e-03 6.78360970e-03 5.43409579e-03
  1.14795918e-02 1.27737226e-02 4.24628450e-03 2.54452926e-03
  0.00000000e+00 0.00000000e+00 0.00000000e+00]
 [0.00000000e+00 0.00000000e+00 0.00000000e+00 0.00000000e+00
  0.00000000e+00 0.00000000e+00 0.00000000e+00 0.00000000e+00
  0.00000000e+00 0.00000000e+00 0.00000000e+00]
 [0.00000000e+00 0.00000000e+00 0.00000000e+00 0.00000000e+00
  0.00000000e+00 0.00000000e+00 0.00000000e+00 0.00000000e+00
  0.00000000e+00 0.00000000e+00 0.00000000e+00]
 [0.00000000e+00 0.00000000e+00 0.00000000e+00 0.00000000e+00
  0.00000000e+00 0.00000000e+00 0.00000000e+00 0.00000000e+00
  0.00000000e+00 0.00000000e+00 0.00000000e+00]
 [0.00000000e+00 0.00000000e+00 0.00000000e+00 0.00000000e+00
  0.00000000e+00 0.00000000e+00 0.00000000e+00 0.00000000e+00
  0.00000000e+00 0.00000000e+00 0.00000000e+00]
 [0.00000000e+00 0.00000000e+00 0.00000000e+00 0.00000000e+00
  0.00000000e+00 0.00000000e+00 0.00000000e+00 0.00000000e+00
  0.00000000e+00 0.00000000e+00 0.00000000e+00]
 [0.00000000e+00 0.00000000e+00 0.00000000e+00 0.00000000e+00
  0.00000000e+00 0.00000000e+00 0.00000000e+00 0.00000000e+00
  0.00000000e+00 0.00000000e+00 0.00000000e+00]]
Confusion matrix (Recall)
[[0.00000000e+00 0.00000000e+00 0.00000000e+00 0.00000000e+00
  0.00000000e+00 0.00000000e+00 0.00000000e+00 0.00000000e+00
  0.00000000e+00 0.00000000e+00 0.00000000e+00]
 [4.52035073e-01 4.68496980e-01 4.13940155e-02 2.53980113e-02
  5.01160560e-03 1.84682284e-03 1.70411380e-03 1.46066897e-03
  4.19732463e-04 1.36832783e-03 8.64648873e-04]
 [4.06502093e-01 5.08794808e-01 5.56347425e-02 2.17140778e-02
  4.21544247e-03 1.21307697e-03 7.12682720e-04 5.61048099e-04
  1.06144235e-04 3.63923091e-04 1.81961545e-04]
 [2.97982885e-01 5.51446618e-01 9.82070090e-02 3.94254279e-02
  7.94621027e-03 2.13936430e-03 1.62999185e-03 7.13121434e-04
  2.03748981e-04 1.01874491e-04 2.03748981e-04]
 [1.85783522e-01 5.39579968e-01 1.59935380e-01 6.94668821e-02
  2.90791599e-02 1.13085622e-02 3.23101777e-03 1.61550889e-03
  0.00000000e+00 0.00000000e+00 0.00000000e+00]
 [0.00000000e+00 0.00000000e+00 0.00000000e+00 0.00000000e+00
  0.00000000e+00 0.00000000e+00 0.00000000e+00 0.00000000e+00
  0.00000000e+00 0.00000000e+00 0.00000000e+00]
 [0.00000000e+00 0.00000000e+00 0.00000000e+00 0.00000000e+00
  0.00000000e+00 0.00000000e+00 0.00000000e+00 0.00000000e+00
  0.00000000e+00 0.00000000e+00 0.00000000e+00]
 [0.00000000e+00 0.00000000e+00 0.00000000e+00 0.00000000e+00
  0.00000000e+00 0.00000000e+00 0.00000000e+00 0.00000000e+00
  0.00000000e+00 0.00000000e+00 0.00000000e+00]
 [0.00000000e+00 0.00000000e+00 0.00000000e+00 0.00000000e+00
  0.00000000e+00 0.00000000e+00 0.00000000e+00 0.00000000e+00
  0.00000000e+00 0.00000000e+00 0.00000000e+00]
 [0.00000000e+00 0.00000000e+00 0.00000000e+00 0.00000000e+00
  0.00000000e+00 0.00000000e+00 0.00000000e+00 0.00000000e+00
  0.00000000e+00 0.00000000e+00 0.00000000e+00]
 [0.00000000e+00 0.00000000e+00 0.00000000e+00 0.00000000e+00
  0.00000000e+00 0.00000000e+00 0.00000000e+00 0.00000000e+00
  0.00000000e+00 0.00000000e+00 0.00000000e+00]]
