Файлы: f:/amicorpus_1
Модель: 8

F1-score (weighted)
Среднее по датасету: 0.45317606714553266
Объединенные результаты по датасету: 0.4552266452921276

              precision    recall  f1-score   support

           0       0.00      0.00      0.00         0
           1       0.74      0.47      0.57    238247
           2       0.25      0.06      0.09     65948
           3       0.05      0.06      0.05     10435

    accuracy                           0.37    314630
   macro avg       0.26      0.15      0.18    314630
weighted avg       0.61      0.37      0.46    314630


Confusion matrix (Precision)
[[0.         0.         0.         0.        ]
 [0.78299308 0.73958879 0.67575716 0.78380714]
 [0.1949049  0.22233118 0.25140469 0.16564417]
 [0.02210202 0.03808003 0.07283815 0.05054869]]
Confusion matrix (Recall)
[[0.         0.         0.         0.        ]
 [0.45203507 0.46849698 0.04139402 0.03807393]
 [0.40650209 0.50879481 0.05563474 0.02906836]
 [0.29132726 0.55074269 0.10186871 0.05606133]]
