Файлы: f:/amicorpus_1
Модель: 8

F1-score (weighted)
Среднее по датасету: 0.43916088979836887
Объединенные результаты по датасету: 0.4336545935220876

              precision    recall  f1-score   support

           0       0.19      0.78      0.31     41489
           1       0.72      0.47      0.57    238272
           2       0.24      0.06      0.09     65950
           3       0.04      0.04      0.04      9816
           4       0.01      0.03      0.01       619
           5       0.00      0.00      0.00         0
           6       0.00      0.00      0.00         0
           7       0.00      0.00      0.00         0
           8       0.00      0.00      0.00         0
           9       0.00      0.00      0.00         0
          10       0.00      0.00      0.00         0

    accuracy                           0.42    356146
   macro avg       0.11      0.12      0.09    356146
weighted avg       0.55      0.42      0.43    356146


Confusion matrix (Precision)
[[1.90034619e-01 2.31716710e-02 5.57712215e-02 1.66438428e-01
  2.32125367e-01 3.30073350e-01 5.24722503e-01 5.72361262e-01
  5.90225564e-01 6.89105403e-01 6.78832117e-01]
 [6.34220008e-01 7.22451278e-01 6.38069358e-01 6.37417044e-01
  5.84720862e-01 5.37897311e-01 4.09687185e-01 3.78672470e-01
  3.75939850e-01 2.88751107e-01 3.00729927e-01]
 [1.57847016e-01 2.17179399e-01 2.37383540e-01 1.50847993e-01
  1.36141038e-01 9.77995110e-02 4.74268416e-02 4.02611534e-02
  2.63157895e-02 2.12577502e-02 1.75182482e-02]
 [1.72212802e-02 3.50358255e-02 6.23706004e-02 4.07668809e-02
  3.81978452e-02 2.56723716e-02 1.61453078e-02 7.61697497e-03
  7.51879699e-03 8.85739593e-04 2.91970803e-03]
 [6.77075974e-04 2.16182629e-03 6.40527950e-03 4.52965343e-03
  8.81488737e-03 8.55745721e-03 2.01816347e-03 1.08813928e-03
  0.00000000e+00 0.00000000e+00 0.00000000e+00]
 [0.00000000e+00 0.00000000e+00 0.00000000e+00 0.00000000e+00
  0.00000000e+00 0.00000000e+00 0.00000000e+00 0.00000000e+00
  0.00000000e+00 0.00000000e+00 0.00000000e+00]
 [0.00000000e+00 0.00000000e+00 0.00000000e+00 0.00000000e+00
  0.00000000e+00 0.00000000e+00 0.00000000e+00 0.00000000e+00
  0.00000000e+00 0.00000000e+00 0.00000000e+00]
 [0.00000000e+00 0.00000000e+00 0.00000000e+00 0.00000000e+00
  0.00000000e+00 0.00000000e+00 0.00000000e+00 0.00000000e+00
  0.00000000e+00 0.00000000e+00 0.00000000e+00]
 [0.00000000e+00 0.00000000e+00 0.00000000e+00 0.00000000e+00
  0.00000000e+00 0.00000000e+00 0.00000000e+00 0.00000000e+00
  0.00000000e+00 0.00000000e+00 0.00000000e+00]
 [0.00000000e+00 0.00000000e+00 0.00000000e+00 0.00000000e+00
  0.00000000e+00 0.00000000e+00 0.00000000e+00 0.00000000e+00
  0.00000000e+00 0.00000000e+00 0.00000000e+00]
 [0.00000000e+00 0.00000000e+00 0.00000000e+00 0.00000000e+00
  0.00000000e+00 0.00000000e+00 0.00000000e+00 0.00000000e+00
  0.00000000e+00 0.00000000e+00 0.00000000e+00]]
Confusion matrix (Recall)
[[7.77965244e-01 8.62879317e-02 2.07765914e-02 3.80823833e-02
  1.14247150e-02 6.50774904e-03 1.25334426e-02 1.26780592e-02
  3.78413555e-03 1.87519584e-02 1.12077900e-02]
 [4.52092566e-01 4.68447824e-01 4.13896723e-02 2.53953465e-02
  5.01107977e-03 1.84662906e-03 1.70393500e-03 1.46051571e-03
  4.19688423e-04 1.36818426e-03 8.64558152e-04]
 [4.06520091e-01 5.08779378e-01 5.56330553e-02 2.17134193e-02
  4.21531463e-03 1.21304018e-03 7.12661107e-04 5.61031084e-04
  1.06141016e-04 3.63912055e-04 1.81956027e-04]
 [2.97982885e-01 5.51446618e-01 9.82070090e-02 3.94254279e-02
  7.94621027e-03 2.13936430e-03 1.62999185e-03 7.13121434e-04
  2.03748981e-04 1.01874491e-04 2.03748981e-04]
 [1.85783522e-01 5.39579968e-01 1.59935380e-01 6.94668821e-02
  2.90791599e-02 1.13085622e-02 3.23101777e-03 1.61550889e-03
  0.00000000e+00 0.00000000e+00 0.00000000e+00]
 [0.00000000e+00 0.00000000e+00 0.00000000e+00 0.00000000e+00
  0.00000000e+00 0.00000000e+00 0.00000000e+00 0.00000000e+00
  0.00000000e+00 0.00000000e+00 0.00000000e+00]
 [0.00000000e+00 0.00000000e+00 0.00000000e+00 0.00000000e+00
  0.00000000e+00 0.00000000e+00 0.00000000e+00 0.00000000e+00
  0.00000000e+00 0.00000000e+00 0.00000000e+00]
 [0.00000000e+00 0.00000000e+00 0.00000000e+00 0.00000000e+00
  0.00000000e+00 0.00000000e+00 0.00000000e+00 0.00000000e+00
  0.00000000e+00 0.00000000e+00 0.00000000e+00]
 [0.00000000e+00 0.00000000e+00 0.00000000e+00 0.00000000e+00
  0.00000000e+00 0.00000000e+00 0.00000000e+00 0.00000000e+00
  0.00000000e+00 0.00000000e+00 0.00000000e+00]
 [0.00000000e+00 0.00000000e+00 0.00000000e+00 0.00000000e+00
  0.00000000e+00 0.00000000e+00 0.00000000e+00 0.00000000e+00
  0.00000000e+00 0.00000000e+00 0.00000000e+00]
 [0.00000000e+00 0.00000000e+00 0.00000000e+00 0.00000000e+00
  0.00000000e+00 0.00000000e+00 0.00000000e+00 0.00000000e+00
  0.00000000e+00 0.00000000e+00 0.00000000e+00]]
