Файлы: f:/amicorpus_1
Модель: 11

F1-score (weighted)
Среднее по датасету: 0.6010607890049642
Объединенные результаты по датасету: 0.6014699975480321

              precision    recall  f1-score   support

           0       0.00      0.00      0.00     32235
           1       0.71      0.97      0.82    230015
           2       0.46      0.13      0.20     64556
           3       0.25      0.09      0.14      9607
           4       0.06      0.18      0.09       598

    accuracy                           0.69    337011
   macro avg       0.30      0.27      0.25    337011
weighted avg       0.58      0.69      0.60    337011


Confusion matrix (Precision)
[[0.         0.10030433 0.02833524 0.04880694 0.06931247]
 [0.         0.70954536 0.36955458 0.21041215 0.14086082]
 [0.         0.17125184 0.45929189 0.46990239 0.41978759]
 [0.         0.01818315 0.13297438 0.2472885  0.31078815]
 [0.         0.00071532 0.00984391 0.02359002 0.05925098]]
Confusion matrix (Recall)
[[0.         0.9744067  0.01616256 0.00558399 0.00384675]
 [0.         0.96598917 0.02954155 0.00337369 0.00109558]
 [0.         0.83070512 0.13081666 0.02684491 0.01163331]
 [0.         0.59269283 0.25450193 0.09493078 0.05787447]
 [0.         0.37458194 0.30267559 0.14548495 0.17725753]]
