Файлы: f:/amicorpus_1
Модель: 11

F1-score (weighted)
Среднее по датасету: 0.6214922241713088
Объединенные результаты по датасету: 0.618196304148042

              precision    recall  f1-score   support

           0       0.54      0.22      0.31     41109
           1       0.71      0.94      0.81    236687
           2       0.46      0.13      0.20     65328
           3       0.25      0.09      0.14      9741
           4       0.06      0.17      0.09       619

    accuracy                           0.68    353484
   macro avg       0.40      0.31      0.31    353484
weighted avg       0.63      0.68      0.62    353484


Confusion matrix (Precision)
[[0.53869969 0.10030433 0.02833524 0.04880694 0.06931247]
 [0.40502641 0.70954536 0.36955458 0.21041215 0.14086082]
 [0.04686457 0.17125184 0.45929189 0.46990239 0.41978759]
 [0.00813452 0.01818315 0.13297438 0.2472885  0.31078815]
 [0.00127481 0.00071532 0.00984391 0.02359002 0.05925098]]
Confusion matrix (Recall)
[[0.21586514 0.76406626 0.01267362 0.0043786  0.00301637]
 [0.02818913 0.93875878 0.0287088  0.00327859 0.0010647 ]
 [0.01181729 0.82088844 0.12927076 0.02652768 0.01149584]
 [0.01375629 0.58453957 0.25100092 0.09362488 0.05707833]
 [0.03392569 0.36187399 0.29240711 0.14054927 0.17124394]]
