F1-score (weighted)
Среднее по датасету: 0.1457113137555934
Объединенные результаты по датасету: 0.15555465046909642

              precision    recall  f1-score   support

         0.0       0.14      0.97      0.24     15132
         1.0       0.75      0.06      0.11    109440
         2.0       0.31      0.19      0.24     45352
         3.0       0.08      0.26      0.13      7743
         4.0       0.02      0.36      0.04       519

    accuracy                           0.18    178186
   macro avg       0.26      0.37      0.15    178186
weighted avg       0.56      0.18      0.16    178186


Confusion matrix (Precision)
[[1.36300391e-01 6.37232590e-03 4.10299943e-03 5.41012943e-03
  1.46378215e-02]
 [6.22720442e-01 7.51137915e-01 6.37591964e-01 5.64068417e-01
  4.44085674e-01]
 [2.11862048e-01 2.24624488e-01 3.12393888e-01 3.41753714e-01
  3.76062857e-01]
 [2.76515222e-02 1.74101047e-02 4.42133560e-02 8.36073078e-02
  1.45301905e-01]
 [1.46559561e-03 4.55166136e-04 1.69779287e-03 5.16043115e-03
  1.99117425e-02]]
Confusion matrix (Recall)
[[0.97105472 0.00370077 0.00766587 0.00859107 0.00898758]
 [0.61342288 0.06031615 0.16471126 0.12384868 0.03770102]
 [0.50361616 0.0435262  0.19474334 0.1810725  0.07704181]
 [0.3849929  0.01975978 0.16143614 0.25946016 0.17435103]
 [0.3044316  0.00770713 0.09248555 0.238921   0.35645472]]
