Файлы: f:/1amicorpus/loud
Модель: 6

F1-score (weighted)
Среднее по датасету: 0.46682491112388147
Объединенные результаты по датасету: 0.5142103463373711

              precision    recall  f1-score   support

           0       0.00      0.00      0.00         0
           1       0.71      0.58      0.64    109420
           2       0.34      0.23      0.28     45350
           3       0.11      0.34      0.16      8261

    accuracy                           0.47    163031
   macro avg       0.29      0.29      0.27    163031
weighted avg       0.58      0.47      0.51    163031


Confusion matrix (Precision)
[[0.         0.         0.         0.        ]
 [0.83188406 0.71155935 0.57551618 0.53359061]
 [0.15606706 0.25805548 0.34108275 0.35728912]
 [0.01204888 0.03038516 0.08340107 0.10912026]]
Confusion matrix (Recall)
[[0.         0.         0.         0.        ]
 [0.13376896 0.58063425 0.16176202 0.12383477]
 [0.06055127 0.50807056 0.23131202 0.20006615]
 [0.02566275 0.3284106  0.3104951  0.33543155]]
