Файлы: f:/1amicorpus/loud
Модель: 6

F1-score (weighted)
Среднее по датасету: 0.46824810022947866
Объединенные результаты по датасету: 0.5108005266111946

              precision    recall  f1-score   support

           0       0.41      0.80      0.54     15125
           1       0.71      0.58      0.63    110592
           2       0.34      0.23      0.28     45829
           3       0.09      0.18      0.12      7816
           4       0.01      0.08      0.02       521
           5       0.00      0.00      0.00         0
           6       0.00      0.00      0.00         0
           7       0.00      0.00      0.00         0
           8       0.00      0.00      0.00         0
           9       0.00      0.00      0.00         0
          10       0.00      0.00      0.00         0

    accuracy                           0.49    179883
   macro avg       0.14      0.17      0.14    179883
weighted avg       0.56      0.49      0.51    179883


Confusion matrix (Precision)
[[4.07943690e-01 8.24008251e-03 8.71836837e-03 1.08237734e-02
  3.83204240e-02 5.68948891e-02 7.22635494e-02 9.97328584e-02
  1.48471616e-01 3.24832215e-01 5.17534538e-01]
 [4.92676387e-01 7.05819073e-01 5.73649755e-01 5.24272474e-01
  4.94292703e-01 4.60462874e-01 4.96280553e-01 4.69278718e-01
  4.30131004e-01 4.72035794e-01 3.28374070e-01]
 [9.22406569e-02 2.55830718e-01 3.36428302e-01 3.66712036e-01
  3.56298410e-01 3.61137898e-01 2.98618491e-01 2.99198575e-01
  2.70742358e-01 1.44966443e-01 1.06269926e-01]
 [6.80408916e-03 2.88236534e-02 7.58529523e-02 9.10622853e-02
  1.02527517e-01 1.12825458e-01 1.22210414e-01 1.17542297e-01
  1.37554585e-01 4.96644295e-02 4.35706695e-02]
 [3.35176806e-04 1.28647318e-03 5.35062319e-03 7.12943159e-03
  8.56094578e-03 8.67888139e-03 1.06269926e-02 1.42475512e-02
  1.31004367e-02 8.50111857e-03 4.25079702e-03]
 [0.00000000e+00 0.00000000e+00 0.00000000e+00 0.00000000e+00
  0.00000000e+00 0.00000000e+00 0.00000000e+00 0.00000000e+00
  0.00000000e+00 0.00000000e+00 0.00000000e+00]
 [0.00000000e+00 0.00000000e+00 0.00000000e+00 0.00000000e+00
  0.00000000e+00 0.00000000e+00 0.00000000e+00 0.00000000e+00
  0.00000000e+00 0.00000000e+00 0.00000000e+00]
 [0.00000000e+00 0.00000000e+00 0.00000000e+00 0.00000000e+00
  0.00000000e+00 0.00000000e+00 0.00000000e+00 0.00000000e+00
  0.00000000e+00 0.00000000e+00 0.00000000e+00]
 [0.00000000e+00 0.00000000e+00 0.00000000e+00 0.00000000e+00
  0.00000000e+00 0.00000000e+00 0.00000000e+00 0.00000000e+00
  0.00000000e+00 0.00000000e+00 0.00000000e+00]
 [0.00000000e+00 0.00000000e+00 0.00000000e+00 0.00000000e+00
  0.00000000e+00 0.00000000e+00 0.00000000e+00 0.00000000e+00
  0.00000000e+00 0.00000000e+00 0.00000000e+00]
 [0.00000000e+00 0.00000000e+00 0.00000000e+00 0.00000000e+00
  0.00000000e+00 0.00000000e+00 0.00000000e+00 0.00000000e+00
  0.00000000e+00 0.00000000e+00 0.00000000e+00]]
Confusion matrix (Recall)
[[0.80469421 0.04912397 0.01831405 0.01104132 0.01242975 0.00780165
  0.00449587 0.00740496 0.00449587 0.048      0.03219835]
 [0.13291196 0.57547562 0.16480396 0.07314272 0.02192745 0.00863534
  0.00422273 0.00476526 0.00178132 0.00953957 0.00279405]
 [0.06004931 0.50334941 0.2332366  0.12345895 0.03814179 0.01634336
  0.00613149 0.0073316  0.00270571 0.00706976 0.00218202]
 [0.02597236 0.33252303 0.30834186 0.17975947 0.06435517 0.02993859
  0.01471341 0.01688843 0.00806039 0.01420164 0.00524565]
 [0.01919386 0.22264875 0.32629559 0.21113244 0.0806142  0.03454894
  0.01919386 0.03071017 0.01151631 0.03646833 0.00767754]
 [0.         0.         0.         0.         0.         0.
  0.         0.         0.         0.         0.        ]
 [0.         0.         0.         0.         0.         0.
  0.         0.         0.         0.         0.        ]
 [0.         0.         0.         0.         0.         0.
  0.         0.         0.         0.         0.        ]
 [0.         0.         0.         0.         0.         0.
  0.         0.         0.         0.         0.        ]
 [0.         0.         0.         0.         0.         0.
  0.         0.         0.         0.         0.        ]
 [0.         0.         0.         0.         0.         0.
  0.         0.         0.         0.         0.        ]]
