F1-score (weighted)
Среднее по датасету: 0.1796160005846002
Объединенные результаты по датасету: 0.1873398948070297

              precision    recall  f1-score   support

         0.0       0.15      0.96      0.26     23184
         1.0       0.76      0.10      0.18    152506
         2.0       0.26      0.16      0.20     52880
         3.0       0.07      0.17      0.09      8425
         4.0       0.01      0.40      0.03       561

    accuracy                           0.20    237556
   macro avg       0.25      0.36      0.15    237556
weighted avg       0.57      0.20      0.19    237556


Confusion matrix (Precision)
[[1.52270172e-01 2.39455512e-02 4.26897669e-03 6.61245644e-03
  1.18398687e-02]
 [6.33098456e-01 7.63425903e-01 7.01576717e-01 6.11696899e-01
  5.02256609e-01]
 [1.88660105e-01 1.96681405e-01 2.61591674e-01 3.12930033e-01
  3.51562042e-01]
 [2.45729718e-02 1.54006657e-02 3.11915742e-02 6.51863104e-02
  1.21329348e-01]
 [1.39829463e-03 5.46475235e-04 1.37105821e-03 3.57430078e-03
  1.30121329e-02]]
Confusion matrix (Recall)
[[0.95820393 0.0207902  0.00590925 0.00638371 0.00871291]
 [0.60564175 0.10076325 0.14763354 0.08977352 0.05618795]
 [0.52049924 0.07486762 0.15875567 0.13245083 0.11342663]
 [0.42551929 0.03679525 0.11881306 0.17317507 0.24569733]
 [0.36363636 0.01960784 0.07843137 0.1426025  0.39572193]]
