Файлы: f:/amicorpus_1
Модель: 8

F1-score (weighted)
Среднее по датасету: 0.14319239514072993
Объединенные результаты по датасету: 0.15551862856885032

              precision    recall  f1-score   support

           0       0.13      0.99      0.23     41489
           1       0.64      0.11      0.18    238272
           2       0.47      0.01      0.02     65950
           3       0.28      0.01      0.03      9816
           4       0.11      0.02      0.03       619
           5       0.00      0.00      0.00         0
           6       0.00      0.00      0.00         0
           7       0.00      0.00      0.00         0
           8       0.00      0.00      0.00         0
           9       0.00      0.00      0.00         0
          10       0.00      0.00      0.00         0

    accuracy                           0.19    356146
   macro avg       0.15      0.10      0.05    356146
weighted avg       0.54      0.19      0.16    356146


Confusion matrix (Precision)
[[0.13067367 0.01034214 0.02018454 0.01882845 0.03092784 0.07407407
  0.16666667 0.         0.         0.5        0.        ]
 [0.67531136 0.64372317 0.28316032 0.20920502 0.15463918 0.25925926
  0.08333333 0.         0.         0.         0.        ]
 [0.17138716 0.27748073 0.47058824 0.44979079 0.3814433  0.40740741
  0.25       0.83333333 0.         0.5        0.5       ]
 [0.02157031 0.06338329 0.19550173 0.28451883 0.31958763 0.18518519
  0.41666667 0.16666667 1.         0.         0.5       ]
 [0.00105749 0.00507066 0.03056517 0.0376569  0.11340206 0.07407407
  0.08333333 0.         0.         0.         0.        ]
 [0.         0.         0.         0.         0.         0.
  0.         0.         0.         0.         0.        ]
 [0.         0.         0.         0.         0.         0.
  0.         0.         0.         0.         0.        ]
 [0.         0.         0.         0.         0.         0.
  0.         0.         0.         0.         0.        ]
 [0.         0.         0.         0.         0.         0.
  0.         0.         0.         0.         0.        ]
 [0.         0.         0.         0.         0.         0.
  0.         0.         0.         0.         0.        ]
 [0.         0.         0.         0.         0.         0.
  0.         0.         0.         0.         0.        ]]
Confusion matrix (Recall)
[[9.88816313e-01 9.93034298e-03 8.43597098e-04 2.16924968e-04
  7.23083227e-05 4.82055485e-05 4.82055485e-05 0.00000000e+00
  0.00000000e+00 2.41027742e-05 0.00000000e+00]
 [8.89798214e-01 1.07624899e-01 2.06067016e-03 4.19688423e-04
  6.29532635e-05 2.93781896e-05 4.19688423e-06 0.00000000e+00
  0.00000000e+00 0.00000000e+00 0.00000000e+00]
 [8.15875663e-01 1.67611827e-01 1.23730099e-02 3.26004549e-03
  5.61031084e-04 1.66793025e-04 4.54890068e-05 7.58150114e-05
  0.00000000e+00 1.51630023e-05 1.51630023e-05]
 [6.89894051e-01 2.57233089e-01 3.45354523e-02 1.38549307e-02
  3.15810921e-03 5.09372453e-04 5.09372453e-04 1.01874491e-04
  1.01874491e-04 0.00000000e+00 1.01874491e-04]
 [5.36348950e-01 3.26332795e-01 8.56219709e-02 2.90791599e-02
  1.77705977e-02 3.23101777e-03 1.61550889e-03 0.00000000e+00
  0.00000000e+00 0.00000000e+00 0.00000000e+00]
 [0.00000000e+00 0.00000000e+00 0.00000000e+00 0.00000000e+00
  0.00000000e+00 0.00000000e+00 0.00000000e+00 0.00000000e+00
  0.00000000e+00 0.00000000e+00 0.00000000e+00]
 [0.00000000e+00 0.00000000e+00 0.00000000e+00 0.00000000e+00
  0.00000000e+00 0.00000000e+00 0.00000000e+00 0.00000000e+00
  0.00000000e+00 0.00000000e+00 0.00000000e+00]
 [0.00000000e+00 0.00000000e+00 0.00000000e+00 0.00000000e+00
  0.00000000e+00 0.00000000e+00 0.00000000e+00 0.00000000e+00
  0.00000000e+00 0.00000000e+00 0.00000000e+00]
 [0.00000000e+00 0.00000000e+00 0.00000000e+00 0.00000000e+00
  0.00000000e+00 0.00000000e+00 0.00000000e+00 0.00000000e+00
  0.00000000e+00 0.00000000e+00 0.00000000e+00]
 [0.00000000e+00 0.00000000e+00 0.00000000e+00 0.00000000e+00
  0.00000000e+00 0.00000000e+00 0.00000000e+00 0.00000000e+00
  0.00000000e+00 0.00000000e+00 0.00000000e+00]
 [0.00000000e+00 0.00000000e+00 0.00000000e+00 0.00000000e+00
  0.00000000e+00 0.00000000e+00 0.00000000e+00 0.00000000e+00
  0.00000000e+00 0.00000000e+00 0.00000000e+00]]
