F1-score (weighted)
Среднее по датасету: 0.09326693135621476
Объединенные результаты по датасету: 0.09293186038763052

              precision    recall  f1-score   support

         0.0       0.27      0.91      0.42     23184
         1.0       0.82      0.02      0.03    152506
         2.0       0.23      0.09      0.13     52880
         3.0       0.05      0.27      0.08      8425
         4.0       0.00      0.69      0.01       561

    accuracy                           0.13    237556
   macro avg       0.28      0.39      0.13    237556
weighted avg       0.60      0.13      0.09    237556


Confusion matrix (Precision)
[[2.74189579e-01 9.36390055e-03 2.98399959e-03 6.79300796e-03
  1.76011356e-02]
 [5.96959061e-01 8.15950920e-01 7.35401554e-01 6.57277605e-01
  6.46503248e-01]
 [1.19539456e-01 1.67581531e-01 2.33780933e-01 2.84181378e-01
  2.77894852e-01]
 [8.91041664e-03 7.10364869e-03 2.74733755e-02 4.87841814e-02
  5.37861003e-02]
 [4.01486796e-04 0.00000000e+00 3.60137881e-04 2.96382831e-03
  4.21466397e-03]]
Confusion matrix (Recall)
[[0.91317288 0.00125086 0.00250173 0.01354382 0.06953071]
 [0.30223729 0.01656984 0.09372746 0.19921839 0.38824702]
 [0.17454614 0.00981467 0.08593041 0.2484115  0.48129728]
 [0.08166172 0.00261128 0.06338279 0.26765579 0.58468843]
 [0.05525847 0.         0.01247772 0.24420677 0.68805704]]
