Файлы: f:/amicorpus_1
Модель: 1

F1-score (weighted)
Среднее по датасету: 0.33220051473194406
Объединенные результаты по датасету: 0.3085787631954109

              precision    recall  f1-score   support

           0       0.16      0.78      0.27      3912
           1       0.47      0.70      0.56     33356
           2       0.46      0.04      0.08     27386
           3       0.40      0.01      0.01      6092
           4       0.27      0.01      0.03       451
           5       0.00      0.00      0.00         0
           6       0.00      0.00      0.00         0

    accuracy                           0.39     71197
   macro avg       0.25      0.22      0.13     71197
weighted avg       0.44      0.39      0.31     71197


Confusion matrix (Precision)
[[0.16289423 0.016445   0.01743265 0.1        0.09090909 0.
  0.        ]
 [0.51324823 0.46849211 0.15649762 0.0375     0.         0.
  0.        ]
 [0.28282557 0.41929733 0.45562599 0.3375     0.09090909 0.5
  0.        ]
 [0.03845741 0.09003686 0.33082409 0.4        0.54545455 0.5
  0.        ]
 [0.00257455 0.00572871 0.03961965 0.125      0.27272727 0.
  1.        ]
 [0.         0.         0.         0.         0.         0.
  0.        ]
 [0.         0.         0.         0.         0.         0.
  0.        ]]
Confusion matrix (Recall)
[[7.76329243e-01 2.09867076e-01 1.12474438e-02 2.04498978e-03
  5.11247444e-04 0.00000000e+00 0.00000000e+00]
 [2.86874925e-01 7.01193189e-01 1.18419475e-02 8.99388416e-05
  0.00000000e+00 0.00000000e+00 0.00000000e+00]
 [1.92543635e-01 7.64368656e-01 4.19922588e-02 9.85905207e-04
  7.30300153e-05 3.65150077e-05 0.00000000e+00]
 [1.17695338e-01 7.37852922e-01 1.37065003e-01 5.25279054e-03
  1.96979645e-03 1.64149705e-04 0.00000000e+00]
 [1.06430155e-01 6.34146341e-01 2.21729490e-01 2.21729490e-02
  1.33037694e-02 0.00000000e+00 2.21729490e-03]
 [0.00000000e+00 0.00000000e+00 0.00000000e+00 0.00000000e+00
  0.00000000e+00 0.00000000e+00 0.00000000e+00]
 [0.00000000e+00 0.00000000e+00 0.00000000e+00 0.00000000e+00
  0.00000000e+00 0.00000000e+00 0.00000000e+00]]
