Файлы: f:/amicorpus_1
Модель: 11

F1-score (weighted)
Среднее по датасету: 0.6889140780808282
Объединенные результаты по датасету: 0.6747404072159292

              precision    recall  f1-score   support

           1       0.77      0.99      0.87    245579
           2       0.50      0.04      0.07     67459
           3       0.30      0.03      0.05      9873
           4       0.09      0.04      0.05       619

    accuracy                           0.76    323530
   macro avg       0.41      0.27      0.26    323530
weighted avg       0.70      0.76      0.67    323530


Confusion matrix (Precision)
[[0.76898817 0.29642993 0.17377049 0.10740741]
 [0.20258043 0.50417774 0.4852459  0.46666667]
 [0.02695227 0.18306115 0.29617486 0.34074074]
 [0.00147913 0.01633118 0.04480874 0.08518519]]
Confusion matrix (Recall)
[[9.92878056e-01 6.35640670e-03 6.47449497e-04 1.18088273e-04]
 [9.52193184e-01 3.93572392e-02 6.58177560e-03 1.86780118e-03]
 [8.65593032e-01 9.76400284e-02 2.74485972e-02 9.31834296e-03]
 [7.57673667e-01 1.38933764e-01 6.62358643e-02 3.71567044e-02]]
