Файлы: f:/amicorpus_1
Модель: 11

F1-score (weighted)
Среднее по датасету: 0.717777314014593
Объединенные результаты по датасету: 0.7039671653213125

              precision    recall  f1-score   support

           0       0.99      1.00      0.99     34531
           1       0.77      0.99      0.86    238272
           2       0.51      0.04      0.07     65950
           3       0.30      0.03      0.05      9816
           4       0.09      0.04      0.05       619

    accuracy                           0.78    349188
   macro avg       0.53      0.42      0.41    349188
weighted avg       0.73      0.78      0.70    349188


Confusion matrix (Precision)
[[9.88690374e-01 0.00000000e+00 0.00000000e+00 0.00000000e+00
  0.00000000e+00]
 [1.12809941e-02 7.67094232e-01 2.93440736e-01 1.71240395e-01
  1.07407407e-01]
 [2.86319647e-05 2.03802291e-01 5.05561949e-01 4.86278814e-01
  4.66666667e-01]
 [0.00000000e+00 2.75800914e-02 1.84503260e-01 2.97475302e-01
  3.40740741e-01]
 [0.00000000e+00 1.52338510e-03 1.64940545e-02 4.50054885e-02
  8.51851852e-02]]
Confusion matrix (Recall)
[[1.00000000e+00 0.00000000e+00 0.00000000e+00 0.00000000e+00
  0.00000000e+00]
 [1.65357239e-03 9.91148771e-01 6.42123288e-03 6.54713940e-04
  1.21709643e-04]
 [1.51630023e-05 9.51387415e-01 3.99696740e-02 6.71721001e-03
  1.91053829e-03]
 [0.00000000e+00 8.65016300e-01 9.80032600e-02 2.76079870e-02
  9.37245314e-03]
 [0.00000000e+00 7.57673667e-01 1.38933764e-01 6.62358643e-02
  3.71567044e-02]]
