Файлы: f:/amicorpus_1
Модель: 10

F1-score (weighted)
Среднее по датасету: 0.4687969188209043
Объединенные результаты по датасету: 0.4636656188063047

              precision    recall  f1-score   support

           0       0.21      0.93      0.34     41108
           1       0.76      0.45      0.56    236687
           2       0.42      0.16      0.23     65328
           3       0.21      0.12      0.16      9741
           4       0.04      0.17      0.07       619

    accuracy                           0.44    353483
   macro avg       0.33      0.37      0.27    353483
weighted avg       0.62      0.44      0.46    353483


Confusion matrix (Precision)
[[2.10947018e-01 1.46274876e-02 1.73697270e-02 4.19075145e-02
  5.90717300e-02]
 [6.52135325e-01 7.58258496e-01 4.47570640e-01 2.38258671e-01
  1.45569620e-01]
 [1.25368658e-01 2.03125225e-01 4.22876811e-01 4.87536127e-01
  4.42194093e-01]
 [1.10528608e-02 2.30117106e-02 1.04738654e-01 2.14053468e-01
  3.08438819e-01]
 [4.96138390e-04 9.77081687e-04 7.44416873e-03 1.82442197e-02
  4.47257384e-02]]
Confusion matrix (Recall)
[[0.93086504 0.04952807 0.01055756 0.00564367 0.00340566]
 [0.49980776 0.4459138  0.04724805 0.00557276 0.00145762]
 [0.34812025 0.43278533 0.16173769 0.0413146  0.01604213]
 [0.20583102 0.32881634 0.26865825 0.12165075 0.07504363]
 [0.1453958  0.21970921 0.30048465 0.1631664  0.17124394]]
