Файлы: f:/amicorpus_1
Модель: 10

F1-score (weighted)
Среднее по датасету: 0.47710123033514407
Объединенные результаты по датасету: 0.4760261535265065

              precision    recall  f1-score   support

           0       0.17      0.90      0.29     29481
           1       0.76      0.47      0.58    222694
           2       0.42      0.17      0.24     63739
           3       0.21      0.12      0.16      9494
           4       0.04      0.18      0.07       583

    accuracy                           0.44    325991
   macro avg       0.32      0.37      0.27    325991
weighted avg       0.62      0.44      0.48    325991


Confusion matrix (Precision)
[[1.73082796e-01 1.46274876e-02 1.73697270e-02 4.19075145e-02
  5.90717300e-02]
 [6.77705657e-01 7.58258496e-01 4.47570640e-01 2.38258671e-01
  1.45569620e-01]
 [1.37438356e-01 2.03125225e-01 4.22876811e-01 4.87536127e-01
  4.42194093e-01]
 [1.14223340e-02 2.30117106e-02 1.04738654e-01 2.14053468e-01
  3.08438819e-01]
 [3.50856675e-04 9.77081687e-04 7.44416873e-03 1.82442197e-02
  4.47257384e-02]]
Confusion matrix (Recall)
[[0.90359893 0.06906143 0.01472135 0.00786948 0.00474882]
 [0.46837813 0.47393284 0.05021689 0.00592293 0.00154921]
 [0.33186903 0.44357458 0.16576978 0.04234456 0.01644205]
 [0.18516958 0.33737097 0.27564778 0.12481567 0.076996  ]
 [0.09262436 0.23327616 0.31903945 0.17324185 0.18181818]]
