Файлы: f:/amicorpus_1
Модель: 11

F1-score (weighted)
Среднее по датасету: 0.574057105453789
Объединенные результаты по датасету: 0.562779382302241

              precision    recall  f1-score   support

           0       0.25      0.49      0.33     41108
           1       0.70      0.75      0.73    236687
           2       0.46      0.12      0.19     65328
           3       0.24      0.08      0.11      9741
           4       0.05      0.09      0.06       619

    accuracy                           0.58    353483
   macro avg       0.34      0.30      0.28    353483
weighted avg       0.59      0.58      0.56    353483


Confusion matrix (Precision)
[[0.24734277 0.0812208  0.027926   0.0506615  0.0788825 ]
 [0.64838954 0.70455196 0.36902644 0.22297515 0.14543961]
 [0.08840492 0.1922542  0.46383256 0.46886092 0.44289236]
 [0.01417604 0.02113862 0.13014348 0.23717328 0.28594906]
 [0.00168674 0.00083442 0.0090715  0.02032914 0.04683648]]
Confusion matrix (Recall)
[[4.85136713e-01 4.97251143e-01 1.14576238e-02 3.81920794e-03
  2.33531186e-03]
 [2.20878206e-01 7.49158171e-01 2.62963323e-02 2.91946748e-03
  7.47823074e-04]
 [1.09110948e-01 7.40647196e-01 1.19749571e-01 2.22416116e-02
  8.25067352e-03]
 [1.17339082e-01 5.46145160e-01 2.25336208e-01 7.54542655e-02
  3.57252849e-02]
 [2.19709208e-01 3.39256866e-01 2.47172859e-01 1.01777060e-01
  9.20840065e-02]]
