Файлы: f:/amicorpus_1
Модель: 11

F1-score (weighted)
Среднее по датасету: 0.6023445954474176
Объединенные результаты по датасету: 0.5981554271768867

              precision    recall  f1-score   support

           0       0.00      0.00      0.00     21165
           1       0.70      0.96      0.81    184408
           2       0.46      0.13      0.21     58200
           3       0.24      0.09      0.13      8598
           4       0.05      0.12      0.07       483

    accuracy                           0.68    272854
   macro avg       0.29      0.26      0.24    272854
weighted avg       0.58      0.68      0.60    272854


Confusion matrix (Precision)
[[0.         0.0812208  0.027926   0.0506615  0.0788825 ]
 [0.         0.70455196 0.36902644 0.22297515 0.14543961]
 [0.         0.1922542  0.46383256 0.46886092 0.44289236]
 [0.         0.02113862 0.13014348 0.23717328 0.28594906]
 [0.         0.00083442 0.0090715  0.02032914 0.04683648]]
Confusion matrix (Recall)
[[0.00000000e+00 9.65792582e-01 2.22537208e-02 7.41790692e-03
  4.53579022e-03]
 [0.00000000e+00 9.61541799e-01 3.37512472e-02 3.74712594e-03
  9.59828207e-04]
 [0.00000000e+00 8.31357388e-01 1.34415808e-01 2.49656357e-02
  9.26116838e-03]
 [0.00000000e+00 6.18748546e-01 2.55291928e-01 8.54849965e-02
  4.04745290e-02]
 [0.00000000e+00 4.34782609e-01 3.16770186e-01 1.30434783e-01
  1.18012422e-01]]
