F1-score (weighted)
Среднее по датасету: 0.1597133236372545
Объединенные результаты по датасету: 0.17135472951691322

              precision    recall  f1-score   support

         0.0       0.11      0.92      0.19      8420
         1.0       0.58      0.07      0.13     66352
         2.0       0.41      0.18      0.25     36644
         3.0       0.12      0.20      0.15      6919
         4.0       0.01      0.24      0.02       486

    accuracy                           0.17    118821
   macro avg       0.24      0.32      0.15    118821
weighted avg       0.46      0.17      0.17    118821


Confusion matrix (Precision)
[[0.10764774 0.04025881 0.00670192 0.00906857 0.01309715]
 [0.59066282 0.57872035 0.48960895 0.47097212 0.52699519]
 [0.26372234 0.32854062 0.40568126 0.39681329 0.34740413]
 [0.03608685 0.04984424 0.09044515 0.11551826 0.10157354]
 [0.00188025 0.00263599 0.00756272 0.00762777 0.01092999]]
Confusion matrix (Recall)
[[0.91793349 0.03990499 0.01294537 0.01270784 0.01650831]
 [0.6391518  0.07279359 0.12001145 0.0837503  0.08429286]
 [0.51672852 0.07482808 0.18005676 0.12776989 0.10061674]
 [0.37447608 0.0601243  0.21260298 0.19699379 0.15580286]
 [0.27777778 0.04526749 0.25308642 0.18518519 0.23868313]]
