Файлы: f:/1amicorpus/loud
Модель: 8

F1-score (weighted)
Среднее по датасету: 0.4747959604712977
Объединенные результаты по датасету: 0.49371335114012693

              precision    recall  f1-score   support

           0       0.31      0.75      0.44     41886
           1       0.76      0.51      0.61    240766
           2       0.25      0.14      0.18     66636
           3       0.05      0.16      0.07      9908
           4       0.01      0.08      0.01       621
           5       0.00      0.00      0.00         0
           6       0.00      0.00      0.00         0
           7       0.00      0.00      0.00         0
           8       0.00      0.00      0.00         0
           9       0.00      0.00      0.00         0
          10       0.00      0.00      0.00         0

    accuracy                           0.46    359817
   macro avg       0.13      0.15      0.12    359817
weighted avg       0.59      0.46      0.49    359817


Confusion matrix (Precision)
[[3.10572839e-01 1.37337029e-02 2.12873228e-02 3.55034959e-02
  3.85893177e-02 7.71983640e-02 1.19424991e-01 2.31237323e-01
  1.66240409e-01 4.65711136e-01 4.32656281e-01]
 [5.81087340e-01 7.60244348e-01 6.72623382e-01 6.63730742e-01
  5.74878610e-01 5.36042945e-01 4.86177663e-01 4.88843813e-01
  4.79965899e-01 3.64057332e-01 3.35831197e-01]
 [1.00584369e-01 2.00325632e-01 2.54747633e-01 2.49825963e-01
  3.08331204e-01 3.04192229e-01 3.03722816e-01 2.15589684e-01
  2.54901961e-01 1.19955899e-01 1.63675804e-01]
 [7.53865408e-03 2.45218061e-02 4.80645342e-02 4.74893308e-02
  7.21952466e-02 7.48977505e-02 8.25654257e-02 6.17212402e-02
  9.37766411e-02 4.47629548e-02 5.99487281e-02]
 [2.16797895e-04 1.17451124e-03 3.27712733e-03 3.45046763e-03
  6.00562228e-03 7.66871166e-03 8.10910431e-03 2.60793973e-03
  5.11508951e-03 5.51267916e-03 7.88799053e-03]
 [0.00000000e+00 0.00000000e+00 0.00000000e+00 0.00000000e+00
  0.00000000e+00 0.00000000e+00 0.00000000e+00 0.00000000e+00
  0.00000000e+00 0.00000000e+00 0.00000000e+00]
 [0.00000000e+00 0.00000000e+00 0.00000000e+00 0.00000000e+00
  0.00000000e+00 0.00000000e+00 0.00000000e+00 0.00000000e+00
  0.00000000e+00 0.00000000e+00 0.00000000e+00]
 [0.00000000e+00 0.00000000e+00 0.00000000e+00 0.00000000e+00
  0.00000000e+00 0.00000000e+00 0.00000000e+00 0.00000000e+00
  0.00000000e+00 0.00000000e+00 0.00000000e+00]
 [0.00000000e+00 0.00000000e+00 0.00000000e+00 0.00000000e+00
  0.00000000e+00 0.00000000e+00 0.00000000e+00 0.00000000e+00
  0.00000000e+00 0.00000000e+00 0.00000000e+00]
 [0.00000000e+00 0.00000000e+00 0.00000000e+00 0.00000000e+00
  0.00000000e+00 0.00000000e+00 0.00000000e+00 0.00000000e+00
  0.00000000e+00 0.00000000e+00 0.00000000e+00]
 [0.00000000e+00 0.00000000e+00 0.00000000e+00 0.00000000e+00
  0.00000000e+00 0.00000000e+00 0.00000000e+00 0.00000000e+00
  0.00000000e+00 0.00000000e+00 0.00000000e+00]]
Confusion matrix (Recall)
[[0.75242324 0.05276226 0.01814449 0.02800458 0.00721005 0.00721005
  0.00773528 0.01905171 0.00465549 0.05042258 0.05238027]
 [0.24491415 0.50811576 0.09974    0.09108014 0.01868619 0.0087097
  0.00547835 0.0070068  0.00233837 0.00685728 0.00707326]
 [0.15317546 0.48376253 0.13648778 0.12386698 0.03621166 0.01785821
  0.01236569 0.01116514 0.00448706 0.00816376 0.01245573]
 [0.07721034 0.39826403 0.17319338 0.15835688 0.05702463 0.02957206
  0.02260799 0.02149778 0.01110214 0.02048849 0.03068228]
 [0.03542673 0.30434783 0.1884058  0.18357488 0.07568438 0.04830918
  0.03542673 0.01449275 0.00966184 0.04025765 0.06441224]
 [0.         0.         0.         0.         0.         0.
  0.         0.         0.         0.         0.        ]
 [0.         0.         0.         0.         0.         0.
  0.         0.         0.         0.         0.        ]
 [0.         0.         0.         0.         0.         0.
  0.         0.         0.         0.         0.        ]
 [0.         0.         0.         0.         0.         0.
  0.         0.         0.         0.         0.        ]
 [0.         0.         0.         0.         0.         0.
  0.         0.         0.         0.         0.        ]
 [0.         0.         0.         0.         0.         0.
  0.         0.         0.         0.         0.        ]]
