Файлы: f:/1amicorpus/loud
Модель: 8

F1-score (weighted)
Среднее по датасету: 0.4853065713431901
Объединенные результаты по датасету: 0.5063557312523485

              precision    recall  f1-score   support

           0       0.00      0.00      0.00         0
           1       0.77      0.51      0.61    238247
           2       0.26      0.14      0.18     65948
           3       0.07      0.35      0.12     10435

    accuracy                           0.43    314630
   macro avg       0.28      0.25      0.23    314630
weighted avg       0.64      0.43      0.51    314630


Confusion matrix (Precision)
[[0.         0.         0.         0.        ]
 [0.8429003  0.77041747 0.68436968 0.65151544]
 [0.14584556 0.2034274  0.26205155 0.2785529 ]
 [0.01125413 0.02615513 0.05357877 0.06993166]]
Confusion matrix (Recall)
[[0.         0.         0.         0.        ]
 [0.2470923  0.51061294 0.09784383 0.14445093]
 [0.15445503 0.48708073 0.13534906 0.22311518]
 [0.07532343 0.39578342 0.17489219 0.35400096]]
