Файлы: f:/1amicorpus/loud
Модель: 5

F1-score
Среднее по датасету :0.42504460709639
Объединенные результаты по датасету: 0.4571741246115917

              precision    recall  f1-score   support

           0       0.29      0.77      0.42      8359
           1       0.62      0.57      0.59     67044
           2       0.39      0.24      0.29     37033
           3       0.12      0.11      0.11      6982
           4       0.02      0.10      0.03       488
           5       0.00      0.00      0.00         0
           6       0.00      0.00      0.00         0
           7       0.00      0.00      0.00         0
           8       0.00      0.00      0.00         0
           9       0.00      0.00      0.00         0
          10       0.00      0.00      0.00         0

    accuracy                           0.45    119906
   macro avg       0.13      0.16      0.13    119906
weighted avg       0.49      0.45      0.46    119906


Confusion matrix (Precision)
[[0.2890189  0.01131978 0.00950865 0.01045568 0.02709823 0.06090979
  0.0483871  0.12544803 0.23818526 0.25501433 0.53629032]
 [0.54018902 0.61533638 0.50382557 0.46254682 0.37636432 0.38858905
  0.31451613 0.42293907 0.39319471 0.37535817 0.34072581]
 [0.15589559 0.32381978 0.38516651 0.40137328 0.4166353  0.39090208
  0.40322581 0.32258065 0.24385633 0.24355301 0.08165323]
 [0.01426643 0.04720864 0.09411348 0.11548065 0.16221302 0.1464919
  0.2016129  0.11469534 0.10964083 0.10888252 0.03729839]
 [0.00063006 0.00231541 0.00738579 0.01014357 0.01768912 0.01310717
  0.03225806 0.01433692 0.01512287 0.01719198 0.00403226]
 [0.         0.         0.         0.         0.         0.
  0.         0.         0.         0.         0.        ]
 [0.         0.         0.         0.         0.         0.
  0.         0.         0.         0.         0.        ]
 [0.         0.         0.         0.         0.         0.
  0.         0.         0.         0.         0.        ]
 [0.         0.         0.         0.         0.         0.
  0.         0.         0.         0.         0.        ]
 [0.         0.         0.         0.         0.         0.
  0.         0.         0.         0.         0.        ]
 [0.         0.         0.         0.         0.         0.
  0.         0.         0.         0.         0.        ]]
Confusion matrix (Recall)
[[0.76827372 0.0842206  0.02572078 0.00801531 0.00861347 0.00945089
  0.00215337 0.0041871  0.01507357 0.01064721 0.06364398]
 [0.17903168 0.57080425 0.16991826 0.04420977 0.01491558 0.00751745
  0.00174512 0.00176004 0.00310244 0.00195394 0.00504147]
 [0.0935382  0.54381228 0.23516863 0.06945157 0.02989226 0.01369049
  0.00405044 0.00243026 0.00348338 0.00229525 0.00218724]
 [0.04540246 0.42050988 0.30478373 0.10598682 0.06173016 0.02721283
  0.01074191 0.00458321 0.00830708 0.00544257 0.00529934]
 [0.02868852 0.29508197 0.34221311 0.13319672 0.09631148 0.03483607
  0.02459016 0.00819672 0.01639344 0.01229508 0.00819672]
 [0.         0.         0.         0.         0.         0.
  0.         0.         0.         0.         0.        ]
 [0.         0.         0.         0.         0.         0.
  0.         0.         0.         0.         0.        ]
 [0.         0.         0.         0.         0.         0.
  0.         0.         0.         0.         0.        ]
 [0.         0.         0.         0.         0.         0.
  0.         0.         0.         0.         0.        ]
 [0.         0.         0.         0.         0.         0.
  0.         0.         0.         0.         0.        ]
 [0.         0.         0.         0.         0.         0.
  0.         0.         0.         0.         0.        ]]
