Файлы: f:/1amicorpus/loud
Модель: 5

F1-score (weighted)
Среднее по датасету: 0.4287230326805299
Объединенные результаты по датасету: 0.4679096880646156

              precision    recall  f1-score   support

           0       0.00      0.00      0.00         0
           1       0.62      0.57      0.60     66329
           2       0.39      0.23      0.29     36642
           3       0.15      0.23      0.18      7404

    accuracy                           0.44    110375
   macro avg       0.29      0.26      0.27    110375
weighted avg       0.51      0.44      0.47    110375


Confusion matrix (Precision)
[[0.         0.         0.         0.        ]
 [0.75961416 0.62204853 0.50593683 0.45152331]
 [0.21950755 0.32774179 0.38999679 0.39848971]
 [0.02087828 0.05020968 0.10406638 0.14998698]]
Confusion matrix (Recall)
[[0.         0.         0.         0.        ]
 [0.18046405 0.57472599 0.16638273 0.07842723]
 [0.09439987 0.54814148 0.23216527 0.12529338]
 [0.04443544 0.41558617 0.30659103 0.23338736]]
