‘айлы: F:/LibriCount10-0dB/test/audio
ћодель: 1

F1-score
ќбъединенные результаты по датасету: 0.9919547090244767

              precision    recall  f1-score   support

           0       1.00      1.00      1.00       520
           1       1.00      1.00      1.00       520
           2       1.00      1.00      1.00       520
           3       0.99      0.99      0.99       520
           4       0.98      0.99      0.99       520
           5       0.99      0.98      0.99       520
           6       0.99      0.98      0.99       520
           7       0.99      0.99      0.99       520
           8       0.99      0.98      0.99       520
           9       0.98      0.99      0.99       520
          10       0.99      1.00      0.99       520

    accuracy                           0.99      5720
   macro avg       0.99      0.99      0.99      5720
weighted avg       0.99      0.99      0.99      5720


Confusion matrix (Precision)
[[1.         0.         0.         0.         0.         0.
  0.         0.         0.         0.         0.        ]
 [0.         1.         0.         0.         0.         0.
  0.         0.         0.         0.         0.        ]
 [0.         0.         0.99616858 0.         0.         0.
  0.         0.         0.         0.         0.        ]
 [0.         0.         0.00383142 0.99040307 0.00383142 0.
  0.         0.         0.         0.         0.        ]
 [0.         0.         0.         0.00959693 0.98467433 0.00194175
  0.         0.         0.         0.         0.        ]
 [0.         0.         0.         0.         0.00766284 0.99417476
  0.00194553 0.00576923 0.         0.         0.        ]
 [0.         0.         0.         0.         0.00383142 0.0038835
  0.99416342 0.00192308 0.0038835  0.00190476 0.00190114]
 [0.         0.         0.         0.         0.         0.
  0.         0.99038462 0.00194175 0.00380952 0.00380228]
 [0.         0.         0.         0.         0.         0.
  0.00389105 0.00192308 0.99223301 0.00952381 0.00190114]
 [0.         0.         0.         0.         0.         0.
  0.         0.         0.00194175 0.98285714 0.00570342]
 [0.         0.         0.         0.         0.         0.
  0.         0.         0.         0.00190476 0.98669202]]
Confusion matrix (Recall)
[[1.         0.         0.         0.         0.         0.
  0.         0.         0.         0.         0.        ]
 [0.         1.         0.         0.         0.         0.
  0.         0.         0.         0.         0.        ]
 [0.         0.         1.         0.         0.         0.
  0.         0.         0.         0.         0.        ]
 [0.         0.         0.00384615 0.99230769 0.00384615 0.
  0.         0.         0.         0.         0.        ]
 [0.         0.         0.         0.00961538 0.98846154 0.00192308
  0.         0.         0.         0.         0.        ]
 [0.         0.         0.         0.         0.00769231 0.98461538
  0.00192308 0.00576923 0.         0.         0.        ]
 [0.         0.         0.         0.         0.00384615 0.00384615
  0.98269231 0.00192308 0.00384615 0.00192308 0.00192308]
 [0.         0.         0.         0.         0.         0.
  0.         0.99038462 0.00192308 0.00384615 0.00384615]
 [0.         0.         0.         0.         0.         0.
  0.00384615 0.00192308 0.98269231 0.00961538 0.00192308]
 [0.         0.         0.         0.         0.         0.
  0.         0.         0.00192308 0.99230769 0.00576923]
 [0.         0.         0.         0.         0.         0.
  0.         0.         0.         0.00192308 0.99807692]]
