Файлы: f:/amicorpus_1
Модель: 11

F1-score (weighted)
Среднее по датасету: 0.7375355371937644
Объединенные результаты по датасету: 0.7375355371937644

              precision    recall  f1-score   support

           1       0.85      0.84      0.85      4021
           2       0.22      0.21      0.22       768
           3       0.05      0.11      0.07        54
           4       0.00      0.00      0.00         0

    accuracy                           0.73      4843
   macro avg       0.28      0.29      0.28      4843
weighted avg       0.74      0.73      0.74      4843


Confusion matrix (Precision)
[[0.85442556 0.75967957 0.59130435 0.41666667]
 [0.13847324 0.21895861 0.35652174 0.47222222]
 [0.00710119 0.02136182 0.05217391 0.11111111]
 [0.         0.         0.         0.        ]]
Confusion matrix (Recall)
[[0.83785128 0.14150709 0.01691122 0.00373042]
 [0.7109375  0.21354167 0.05338542 0.02213542]
 [0.51851852 0.2962963  0.11111111 0.07407407]
 [0.         0.         0.         0.        ]]
