Файлы: f:/amicorpus_1
Модель: 11

F1-score (weighted)
Среднее по датасету: 0.7521535755020283
Объединенные результаты по датасету: 0.7521535755020283

              precision    recall  f1-score   support

           0       1.00      1.00      1.00       289
           1       0.85      0.84      0.85      4022
           2       0.22      0.21      0.22       768
           3       0.05      0.11      0.07        54
           4       0.00      0.00      0.00         0

    accuracy                           0.75      5133
   macro avg       0.42      0.43      0.43      5133
weighted avg       0.76      0.75      0.75      5133


Confusion matrix (Precision)
[[0.99655172 0.         0.         0.         0.        ]
 [0.00344828 0.85442556 0.75967957 0.59130435 0.41666667]
 [0.         0.13847324 0.21895861 0.35652174 0.47222222]
 [0.         0.00710119 0.02136182 0.05217391 0.11111111]
 [0.         0.         0.         0.         0.        ]]
Confusion matrix (Recall)
[[1.00000000e+00 0.00000000e+00 0.00000000e+00 0.00000000e+00
  0.00000000e+00]
 [2.48632521e-04 8.37642964e-01 1.41471905e-01 1.69070114e-02
  3.72948782e-03]
 [0.00000000e+00 7.10937500e-01 2.13541667e-01 5.33854167e-02
  2.21354167e-02]
 [0.00000000e+00 5.18518519e-01 2.96296296e-01 1.11111111e-01
  7.40740741e-02]
 [0.00000000e+00 0.00000000e+00 0.00000000e+00 0.00000000e+00
  0.00000000e+00]]
