Файлы: f:/amicorpus_1
Модель: 11

F1-score (weighted)
Среднее по датасету: 0.7834352241383468
Объединенные результаты по датасету: 0.7834352241383468

              precision    recall  f1-score   support

           0       1.00      1.00      1.00       289
           1       0.84      0.98      0.91      4022
           2       0.41      0.06      0.10       768
           3       0.44      0.07      0.13        54
           4       0.00      0.00      0.00         0

    accuracy                           0.84      5133
   macro avg       0.54      0.42      0.43      5133
weighted avg       0.78      0.84      0.78      5133


Confusion matrix (Precision)
[[0.99655172 0.         0.         0.         0.        ]
 [0.00344828 0.84001697 0.52212389 0.11111111 0.25      ]
 [0.         0.1510715  0.40707965 0.44444444 0.75      ]
 [0.         0.00891152 0.07079646 0.44444444 0.        ]
 [0.         0.         0.         0.         0.        ]]
Confusion matrix (Recall)
[[1.00000000e+00 0.00000000e+00 0.00000000e+00 0.00000000e+00
  0.00000000e+00]
 [2.48632521e-04 9.84336151e-01 1.46693187e-02 2.48632521e-04
  4.97265042e-04]
 [0.00000000e+00 9.27083333e-01 5.98958333e-02 5.20833333e-03
  7.81250000e-03]
 [0.00000000e+00 7.77777778e-01 1.48148148e-01 7.40740741e-02
  0.00000000e+00]
 [0.00000000e+00 0.00000000e+00 0.00000000e+00 0.00000000e+00
  0.00000000e+00]]
