Файлы: f:/amicorpus_1
Модель: 11

F1-score (weighted)
Среднее по датасету: 0.7706758203222923
Объединенные результаты по датасету: 0.7706758203222923

              precision    recall  f1-score   support

           1       0.84      0.98      0.91      4021
           2       0.41      0.06      0.10       768
           3       0.44      0.07      0.13        54
           4       0.00      0.00      0.00         0

    accuracy                           0.83      4843
   macro avg       0.42      0.28      0.28      4843
weighted avg       0.77      0.83      0.77      4843


Confusion matrix (Precision)
[[0.84001697 0.52212389 0.11111111 0.25      ]
 [0.1510715  0.40707965 0.44444444 0.75      ]
 [0.00891152 0.07079646 0.44444444 0.        ]
 [0.         0.         0.         0.        ]]
Confusion matrix (Recall)
[[9.84580950e-01 1.46729669e-02 2.48694355e-04 4.97388709e-04]
 [9.27083333e-01 5.98958333e-02 5.20833333e-03 7.81250000e-03]
 [7.77777778e-01 1.48148148e-01 7.40740741e-02 0.00000000e+00]
 [0.00000000e+00 0.00000000e+00 0.00000000e+00 0.00000000e+00]]
