F1-score (weighted)
Среднее по датасету: 0.10769904242155012
Объединенные результаты по датасету: 0.10222733564175557

              precision    recall  f1-score   support

         0.0       0.25      0.93      0.39     41634
         1.0       0.79      0.02      0.04    238266
         2.0       0.20      0.14      0.16     65949
         3.0       0.04      0.22      0.07      9816
         4.0       0.00      0.65      0.01       619

    accuracy                           0.15    356284
   macro avg       0.26      0.39      0.13    356284
weighted avg       0.60      0.15      0.10    356284


Confusion matrix (Precision)
[[2.47622773e-01 9.02679831e-02 4.30796421e-03 9.89061249e-03
  1.84596653e-02]
 [6.17700806e-01 7.91431594e-01 7.72274384e-01 6.92495331e-01
  6.82522649e-01]
 [1.23410640e-01 1.10895628e-01 1.99138407e-01 2.54144910e-01
  2.44784035e-01]
 [1.08682410e-02 7.22849083e-03 2.34176516e-02 4.12775851e-02
  5.00856429e-02]
 [3.97540379e-04 1.76304654e-04 8.61592842e-04 2.19156154e-03
  4.14800751e-03]]
Confusion matrix (Recall)
[[0.92758323 0.01229764 0.00468367 0.01246577 0.04296969]
 [0.40432122 0.01884029 0.14671418 0.15251022 0.2776141 ]
 [0.29184673 0.00953767 0.13668138 0.20221686 0.35971736]
 [0.17267726 0.00417685 0.10798696 0.22066015 0.49449878]
 [0.10016155 0.00161551 0.06300485 0.18578352 0.64943457]]
