Файлы: f:/amicorpus_1
Модель: 11

F1-score (weighted)
Среднее по датасету: 0.5975408818309362
Объединенные результаты по датасету: 0.5929457846572447

              precision    recall  f1-score   support

           0       0.00      0.00      0.00     18029
           1       0.70      0.96      0.81    162273
           2       0.46      0.13      0.21     53156
           3       0.23      0.08      0.11      7766
           4       0.04      0.09      0.05       432

    accuracy                           0.68    241656
   macro avg       0.29      0.25      0.24    241656
weighted avg       0.58      0.68      0.59    241656


Confusion matrix (Precision)
[[0.         0.0780364  0.02788356 0.05396226 0.09034268]
 [0.         0.69951022 0.37558898 0.23735849 0.15472482]
 [0.         0.19928106 0.46195056 0.46188679 0.44132918]
 [0.         0.02227814 0.12566966 0.22528302 0.2741433 ]
 [0.         0.00089418 0.00890725 0.02150943 0.03946002]]
Confusion matrix (Recall)
[[0.00000000e+00 9.63281380e-01 2.39613955e-02 7.93166565e-03
  4.82555882e-03]
 [0.00000000e+00 9.59346287e-01 3.58593235e-02 3.87618396e-03
  9.18205740e-04]
 [0.00000000e+00 8.34336669e-01 1.34641433e-01 2.30265633e-02
  7.99533449e-03]
 [0.00000000e+00 6.38423899e-01 2.50708215e-01 7.68735514e-02
  3.39943343e-02]
 [0.00000000e+00 4.60648148e-01 3.19444444e-01 1.31944444e-01
  8.79629630e-02]]
