Файлы: f:/amicorpus_1
Модель: 11

F1-score (weighted)
Среднее по датасету: 0.5357978179626751
Объединенные результаты по датасету: 0.5244261600168378

              precision    recall  f1-score   support

           0       0.21      0.56      0.30     41066
           1       0.70      0.66      0.68    236687
           2       0.46      0.11      0.18     65328
           3       0.23      0.06      0.10      9741
           4       0.04      0.06      0.05       619

    accuracy                           0.53    353441
   macro avg       0.33      0.29      0.26    353441
weighted avg       0.58      0.53      0.52    353441


Confusion matrix (Precision)
[[0.20609644 0.07791752 0.02791058 0.05408472 0.09034268]
 [0.66549072 0.69962993 0.37530689 0.23676248 0.15472482]
 [0.10896961 0.19931292 0.46220442 0.46255673 0.44132918]
 [0.01777309 0.02224481 0.12566223 0.22503782 0.2741433 ]
 [0.00167013 0.00089483 0.00891588 0.02155825 0.03946002]]
Confusion matrix (Recall)
[[5.61924707e-01 4.21954902e-01 1.05196513e-02 3.48219939e-03
  2.11854089e-03]
 [3.14816614e-01 6.57366057e-01 2.45429618e-02 2.64484319e-03
  6.29523379e-04]
 [1.86765246e-01 6.78499265e-01 1.09508940e-01 1.87209160e-02
  6.50563311e-03]
 [2.04291141e-01 5.07853403e-01 1.99671492e-01 6.10820244e-02
  2.71019403e-02]
 [3.02100162e-01 3.21486268e-01 2.22940226e-01 9.20840065e-02
  6.13893376e-02]]
