Файлы: f:/amicorpus_1
Модель: 11

F1-score (weighted)
Среднее по датасету: 0.22216286473919936
Объединенные результаты по датасету: 0.21507067766980148

              precision    recall  f1-score   support

           0       0.00      0.00      0.00         0
           1       0.69      0.16      0.27    225357
           2       0.20      0.04      0.07     65256
           3       0.04      0.03      0.03      9820
           4       0.00      0.00      0.00       624

    accuracy                           0.13    301057
   macro avg       0.19      0.05      0.07    301057
weighted avg       0.56      0.13      0.22    301057


Confusion matrix (Precision)
[[0.         0.         0.         0.         0.        ]
 [0.76000458 0.69464789 0.74576753 0.79371288 0.        ]
 [0.21234229 0.24839437 0.1976099  0.15674344 0.        ]
 [0.02644085 0.05297653 0.05078959 0.04157613 0.        ]
 [0.00121228 0.00398122 0.00583298 0.00796755 0.        ]]
Confusion matrix (Recall)
[[0.         0.         0.         0.         0.        ]
 [0.76502616 0.16413957 0.04652174 0.02431254 0.        ]
 [0.73815435 0.20269401 0.0425708  0.01658085 0.        ]
 [0.6107943  0.28727088 0.07270876 0.02922607 0.        ]
 [0.44070513 0.33974359 0.13141026 0.08814103 0.        ]]
