Файлы: f:/amicorpus_1
Модель: 11

F1-score (weighted)
Среднее по датасету: 0.4638878805109092
Объединенные результаты по датасету: 0.4638878805109092

              precision    recall  f1-score   support

           0       1.00      1.00      1.00       289
           1       0.89      0.33      0.48      4022
           2       0.16      0.38      0.23       768
           3       0.02      0.31      0.03        54
           4       0.00      0.00      0.00         0

    accuracy                           0.37      5133
   macro avg       0.41      0.40      0.35      5133
weighted avg       0.78      0.37      0.46      5133


Confusion matrix (Precision)
[[0.99655172 0.         0.         0.         0.        ]
 [0.00344828 0.89108237 0.83231198 0.78947368 0.74403816]
 [0.         0.10551396 0.16100279 0.19263158 0.22416534]
 [0.         0.00340368 0.00668524 0.01789474 0.0317965 ]
 [0.         0.         0.         0.         0.        ]]
Confusion matrix (Recall)
[[1.00000000e+00 0.00000000e+00 0.00000000e+00 0.00000000e+00
  0.00000000e+00]
 [2.48632521e-04 3.25459970e-01 3.71456987e-01 1.86474391e-01
  1.16360020e-01]
 [0.00000000e+00 2.01822917e-01 3.76302083e-01 2.38281250e-01
  1.83593750e-01]
 [0.00000000e+00 9.25925926e-02 2.22222222e-01 3.14814815e-01
  3.70370370e-01]
 [0.00000000e+00 0.00000000e+00 0.00000000e+00 0.00000000e+00
  0.00000000e+00]]
