Файлы: f:/amicorpus_1
Модель: 11

F1-score (weighted)
Среднее по датасету: 0.4320685631830964
Объединенные результаты по датасету: 0.4320685631830964

              precision    recall  f1-score   support

           1       0.89      0.33      0.48      4021
           2       0.16      0.38      0.23       768
           3       0.02      0.31      0.03        54
           4       0.00      0.00      0.00         0

    accuracy                           0.33      4843
   macro avg       0.27      0.25      0.18      4843
weighted avg       0.77      0.33      0.43      4843


Confusion matrix (Precision)
[[0.89108237 0.83231198 0.78947368 0.74403816]
 [0.10551396 0.16100279 0.19263158 0.22416534]
 [0.00340368 0.00668524 0.01789474 0.0317965 ]
 [0.         0.         0.         0.        ]]
Confusion matrix (Recall)
[[0.32554091 0.37154937 0.18652077 0.11638896]
 [0.20182292 0.37630208 0.23828125 0.18359375]
 [0.09259259 0.22222222 0.31481481 0.37037037]
 [0.         0.         0.         0.        ]]
