Файлы: f:/amicorpus_1
Модель: 8

F1-score (weighted)
Среднее по датасету: 0.41391635452651215
Объединенные результаты по датасету: 0.4210976251253724

              precision    recall  f1-score   support

           0       0.23      0.43      0.30     41489
           1       0.72      0.41      0.52    238272
           2       0.23      0.16      0.19     65950
           3       0.03      0.15      0.05      9816
           4       0.00      0.08      0.01       619
           5       0.00      0.00      0.00         0
           6       0.00      0.00      0.00         0
           7       0.00      0.00      0.00         0
           8       0.00      0.00      0.00         0
           9       0.00      0.00      0.00         0
          10       0.00      0.00      0.00         0

    accuracy                           0.36    356146
   macro avg       0.11      0.11      0.10    356146
weighted avg       0.55      0.36      0.42    356146


Confusion matrix (Precision)
[[2.26969970e-01 2.18261589e-02 3.25036734e-02 5.48383609e-02
  1.01271860e-01 1.76516819e-01 2.59687563e-01 3.45139771e-01
  2.83181085e-01 5.33651096e-01 5.66012597e-01]
 [6.09330001e-01 7.22102402e-01 6.87185538e-01 7.21288788e-01
  6.81558029e-01 6.57654826e-01 6.18381010e-01 5.64167726e-01
  6.01289629e-01 4.28598665e-01 3.97771318e-01]
 [1.48462973e-01 2.22567731e-01 2.32356739e-01 1.88560926e-01
  1.77106518e-01 1.37849733e-01 1.03266383e-01 7.97331639e-02
  1.00483611e-01 3.57483317e-02 3.39147287e-02]
 [1.47295771e-02 3.19230656e-02 4.44142660e-02 3.26954265e-02
  3.61685215e-02 2.53065074e-02 1.70419963e-02 1.03240152e-02
  1.34336378e-02 1.81124881e-03 2.05910853e-03]
 [5.07478971e-04 1.58064230e-03 3.53978361e-03 2.61649908e-03
  3.89507154e-03 2.67211569e-03 1.62304727e-03 6.35324015e-04
  1.61203654e-03 1.90657769e-04 2.42248062e-04]
 [0.00000000e+00 0.00000000e+00 0.00000000e+00 0.00000000e+00
  0.00000000e+00 0.00000000e+00 0.00000000e+00 0.00000000e+00
  0.00000000e+00 0.00000000e+00 0.00000000e+00]
 [0.00000000e+00 0.00000000e+00 0.00000000e+00 0.00000000e+00
  0.00000000e+00 0.00000000e+00 0.00000000e+00 0.00000000e+00
  0.00000000e+00 0.00000000e+00 0.00000000e+00]
 [0.00000000e+00 0.00000000e+00 0.00000000e+00 0.00000000e+00
  0.00000000e+00 0.00000000e+00 0.00000000e+00 0.00000000e+00
  0.00000000e+00 0.00000000e+00 0.00000000e+00]
 [0.00000000e+00 0.00000000e+00 0.00000000e+00 0.00000000e+00
  0.00000000e+00 0.00000000e+00 0.00000000e+00 0.00000000e+00
  0.00000000e+00 0.00000000e+00 0.00000000e+00]
 [0.00000000e+00 0.00000000e+00 0.00000000e+00 0.00000000e+00
  0.00000000e+00 0.00000000e+00 0.00000000e+00 0.00000000e+00
  0.00000000e+00 0.00000000e+00 0.00000000e+00]
 [0.00000000e+00 0.00000000e+00 0.00000000e+00 0.00000000e+00
  0.00000000e+00 0.00000000e+00 0.00000000e+00 0.00000000e+00
  0.00000000e+00 0.00000000e+00 0.00000000e+00]]
Confusion matrix (Recall)
[[0.43119863 0.0712237  0.03519005 0.06112464 0.03070693 0.02706742
  0.03085155 0.05237533 0.01270216 0.13492733 0.11263226]
 [0.20156796 0.41030419 0.12954523 0.13999127 0.03598409 0.01755976
  0.0127921  0.01490733 0.00469631 0.01886919 0.01378257]
 [0.17743745 0.45690675 0.15825625 0.13222138 0.03378317 0.01329795
  0.00771797 0.00761183 0.00283548 0.00568613 0.00424564]
 [0.11827628 0.44030155 0.20323961 0.15403423 0.04635289 0.01640179
  0.00855746 0.00662184 0.00254686 0.00193562 0.00173187]
 [0.06462036 0.3457189  0.25686591 0.19547658 0.07915994 0.02746365
  0.01292407 0.00646204 0.00484653 0.00323102 0.00323102]
 [0.         0.         0.         0.         0.         0.
  0.         0.         0.         0.         0.        ]
 [0.         0.         0.         0.         0.         0.
  0.         0.         0.         0.         0.        ]
 [0.         0.         0.         0.         0.         0.
  0.         0.         0.         0.         0.        ]
 [0.         0.         0.         0.         0.         0.
  0.         0.         0.         0.         0.        ]
 [0.         0.         0.         0.         0.         0.
  0.         0.         0.         0.         0.        ]
 [0.         0.         0.         0.         0.         0.
  0.         0.         0.         0.         0.        ]]
