Файлы: f:/amicorpus_1
Модель: 7

F1-score (weighted)
Среднее по датасету: 0.4517315565194361
Объединенные результаты по датасету: 0.44464462231796226

              precision    recall  f1-score   support

           0       0.19      0.92      0.31     23012
           1       0.69      0.51      0.59    152510
           2       0.47      0.09      0.16     52881
           3       0.31      0.06      0.10      8425
           4       0.08      0.06      0.07       561
           5       0.00      0.00      0.00         0
           6       0.00      0.00      0.00         0
           7       0.00      0.00      0.00         0
           8       0.00      0.00      0.00         0
           9       0.00      0.00      0.00         0
          10       0.00      0.00      0.00         0

    accuracy                           0.44    237389
   macro avg       0.16      0.15      0.11    237389
weighted avg       0.58      0.44      0.44    237389


Confusion matrix (Precision)
[[1.87996993e-01 1.31317937e-02 1.84519304e-02 3.75704446e-02
  4.84261501e-02 4.59183673e-02 8.75000000e-02 2.77777778e-02
  7.14285714e-02 0.00000000e+00 2.50000000e-01]
 [6.32205564e-01 6.93067885e-01 3.31377744e-01 1.55291171e-01
  9.44309927e-02 8.67346939e-02 7.50000000e-02 1.38888889e-01
  1.42857143e-01 0.00000000e+00 2.50000000e-01]
 [1.64061740e-01 2.54521628e-01 4.68111279e-01 4.58359424e-01
  4.06779661e-01 4.38775510e-01 3.00000000e-01 2.50000000e-01
  2.85714286e-01 3.33333333e-01 5.00000000e-01]
 [1.51430720e-02 3.74116992e-02 1.67013626e-01 3.13087038e-01
  3.68038741e-01 3.41836735e-01 4.12500000e-01 3.88888889e-01
  4.64285714e-01 3.33333333e-01 0.00000000e+00]
 [5.92631905e-04 1.86699459e-03 1.50454201e-02 3.56919224e-02
  8.23244552e-02 8.67346939e-02 1.25000000e-01 1.94444444e-01
  3.57142857e-02 3.33333333e-01 0.00000000e+00]
 [0.00000000e+00 0.00000000e+00 0.00000000e+00 0.00000000e+00
  0.00000000e+00 0.00000000e+00 0.00000000e+00 0.00000000e+00
  0.00000000e+00 0.00000000e+00 0.00000000e+00]
 [0.00000000e+00 0.00000000e+00 0.00000000e+00 0.00000000e+00
  0.00000000e+00 0.00000000e+00 0.00000000e+00 0.00000000e+00
  0.00000000e+00 0.00000000e+00 0.00000000e+00]
 [0.00000000e+00 0.00000000e+00 0.00000000e+00 0.00000000e+00
  0.00000000e+00 0.00000000e+00 0.00000000e+00 0.00000000e+00
  0.00000000e+00 0.00000000e+00 0.00000000e+00]
 [0.00000000e+00 0.00000000e+00 0.00000000e+00 0.00000000e+00
  0.00000000e+00 0.00000000e+00 0.00000000e+00 0.00000000e+00
  0.00000000e+00 0.00000000e+00 0.00000000e+00]
 [0.00000000e+00 0.00000000e+00 0.00000000e+00 0.00000000e+00
  0.00000000e+00 0.00000000e+00 0.00000000e+00 0.00000000e+00
  0.00000000e+00 0.00000000e+00 0.00000000e+00]
 [0.00000000e+00 0.00000000e+00 0.00000000e+00 0.00000000e+00
  0.00000000e+00 0.00000000e+00 0.00000000e+00 0.00000000e+00
  0.00000000e+00 0.00000000e+00 0.00000000e+00]]
Confusion matrix (Recall)
[[9.23605076e-01 6.35755258e-02 8.47383974e-03 2.60733530e-03
  8.69111768e-04 3.91100295e-04 3.04189119e-04 4.34555884e-05
  8.69111768e-05 0.00000000e+00 4.34555884e-05]
 [4.68651236e-01 5.06288112e-01 2.29624287e-02 1.62612288e-03
  2.55720936e-04 1.11468100e-04 3.93416825e-05 3.27847354e-05
  2.62277883e-05 0.00000000e+00 6.55694709e-06]
 [3.50749797e-01 5.36222840e-01 9.35496681e-02 1.38424009e-02
  3.17694446e-03 1.62629300e-03 4.53849209e-04 1.70193453e-04
  1.51283070e-04 1.89103837e-05 3.78207674e-05]
 [2.03204748e-01 4.94718101e-01 2.09495549e-01 5.93471810e-02
  1.80415430e-02 7.95252226e-03 3.91691395e-03 1.66172107e-03
  1.54302671e-03 1.18694362e-04 0.00000000e+00]
 [1.19429590e-01 3.70766488e-01 2.83422460e-01 1.01604278e-01
  6.06060606e-02 3.03030303e-02 1.78253119e-02 1.24777184e-02
  1.78253119e-03 1.78253119e-03 0.00000000e+00]
 [0.00000000e+00 0.00000000e+00 0.00000000e+00 0.00000000e+00
  0.00000000e+00 0.00000000e+00 0.00000000e+00 0.00000000e+00
  0.00000000e+00 0.00000000e+00 0.00000000e+00]
 [0.00000000e+00 0.00000000e+00 0.00000000e+00 0.00000000e+00
  0.00000000e+00 0.00000000e+00 0.00000000e+00 0.00000000e+00
  0.00000000e+00 0.00000000e+00 0.00000000e+00]
 [0.00000000e+00 0.00000000e+00 0.00000000e+00 0.00000000e+00
  0.00000000e+00 0.00000000e+00 0.00000000e+00 0.00000000e+00
  0.00000000e+00 0.00000000e+00 0.00000000e+00]
 [0.00000000e+00 0.00000000e+00 0.00000000e+00 0.00000000e+00
  0.00000000e+00 0.00000000e+00 0.00000000e+00 0.00000000e+00
  0.00000000e+00 0.00000000e+00 0.00000000e+00]
 [0.00000000e+00 0.00000000e+00 0.00000000e+00 0.00000000e+00
  0.00000000e+00 0.00000000e+00 0.00000000e+00 0.00000000e+00
  0.00000000e+00 0.00000000e+00 0.00000000e+00]
 [0.00000000e+00 0.00000000e+00 0.00000000e+00 0.00000000e+00
  0.00000000e+00 0.00000000e+00 0.00000000e+00 0.00000000e+00
  0.00000000e+00 0.00000000e+00 0.00000000e+00]]
