Файлы: f:/amicorpus_1
Модель: 6

F1-score (weighted)
Среднее по датасету: 0.4231360760417676
Объединенные результаты по датасету: 0.4174377286137623

              precision    recall  f1-score   support

           0       0.17      0.93      0.28     14987
           1       0.68      0.45      0.54    109444
           2       0.42      0.13      0.20     45353
           3       0.23      0.17      0.20      7743
           4       0.06      0.12      0.07       519
           5       0.00      0.00      0.00         0
           6       0.00      0.00      0.00         0
           7       0.00      0.00      0.00         0
           8       0.00      0.00      0.00         0
           9       0.00      0.00      0.00         0
          10       0.00      0.00      0.00         0

    accuracy                           0.40    178046
   macro avg       0.14      0.16      0.12    178046
weighted avg       0.55      0.40      0.42    178046


Confusion matrix (Precision)
[[0.16650797 0.00888207 0.01067517 0.02197213 0.03052729 0.05539359
  0.07216495 0.18181818 0.15       0.11764706 0.71428571]
 [0.62091169 0.68104651 0.44218772 0.24455163 0.15541166 0.11078717
  0.09278351 0.09090909 0.1        0.05882353 0.28571429]
 [0.19201381 0.27352092 0.41945099 0.47981422 0.45883441 0.39067055
  0.30927835 0.22727273 0.2        0.47058824 0.        ]
 [0.01966199 0.0350172  0.1197144  0.23365488 0.29972248 0.36734694
  0.40206186 0.40909091 0.45       0.29411765 0.        ]
 [0.00090455 0.0015333  0.00797172 0.02000715 0.05550416 0.07580175
  0.12371134 0.09090909 0.1        0.05882353 0.        ]
 [0.         0.         0.         0.         0.         0.
  0.         0.         0.         0.         0.        ]
 [0.         0.         0.         0.         0.         0.
  0.         0.         0.         0.         0.        ]
 [0.         0.         0.         0.         0.         0.
  0.         0.         0.         0.         0.        ]
 [0.         0.         0.         0.         0.         0.
  0.         0.         0.         0.         0.        ]
 [0.         0.         0.         0.         0.         0.
  0.         0.         0.         0.         0.        ]
 [0.         0.         0.         0.         0.         0.
  0.         0.         0.         0.         0.        ]]
Confusion matrix (Recall)
[[9.33475679e-01 4.29038500e-02 1.02755722e-02 8.20711283e-03
  2.20190832e-03 1.26776540e-03 4.67071462e-04 5.33795956e-04
  2.00173484e-04 1.33448989e-04 3.33622473e-04]
 [4.76673002e-01 4.50486093e-01 5.82855159e-02 1.25086802e-02
  1.53503161e-03 3.47209532e-04 8.22338365e-05 3.65483718e-05
  1.82741859e-05 9.13709294e-06 1.82741859e-05]
 [3.55720680e-01 4.36597358e-01 1.33420060e-01 5.92243071e-02
  1.09364320e-02 2.95460058e-03 6.61477741e-04 2.20492580e-04
  8.81970322e-05 1.76394064e-04 0.00000000e+00]
 [2.13353997e-01 3.27392484e-01 2.23040165e-01 1.68926773e-01
  4.18442464e-02 1.62727625e-02 5.03680744e-03 2.32468036e-03
  1.16234018e-03 6.45744543e-04 0.00000000e+00]
 [1.46435453e-01 2.13872832e-01 2.21579961e-01 2.15799615e-01
  1.15606936e-01 5.00963391e-02 2.31213873e-02 7.70712909e-03
  3.85356455e-03 1.92678227e-03 0.00000000e+00]
 [0.00000000e+00 0.00000000e+00 0.00000000e+00 0.00000000e+00
  0.00000000e+00 0.00000000e+00 0.00000000e+00 0.00000000e+00
  0.00000000e+00 0.00000000e+00 0.00000000e+00]
 [0.00000000e+00 0.00000000e+00 0.00000000e+00 0.00000000e+00
  0.00000000e+00 0.00000000e+00 0.00000000e+00 0.00000000e+00
  0.00000000e+00 0.00000000e+00 0.00000000e+00]
 [0.00000000e+00 0.00000000e+00 0.00000000e+00 0.00000000e+00
  0.00000000e+00 0.00000000e+00 0.00000000e+00 0.00000000e+00
  0.00000000e+00 0.00000000e+00 0.00000000e+00]
 [0.00000000e+00 0.00000000e+00 0.00000000e+00 0.00000000e+00
  0.00000000e+00 0.00000000e+00 0.00000000e+00 0.00000000e+00
  0.00000000e+00 0.00000000e+00 0.00000000e+00]
 [0.00000000e+00 0.00000000e+00 0.00000000e+00 0.00000000e+00
  0.00000000e+00 0.00000000e+00 0.00000000e+00 0.00000000e+00
  0.00000000e+00 0.00000000e+00 0.00000000e+00]
 [0.00000000e+00 0.00000000e+00 0.00000000e+00 0.00000000e+00
  0.00000000e+00 0.00000000e+00 0.00000000e+00 0.00000000e+00
  0.00000000e+00 0.00000000e+00 0.00000000e+00]]
