Файлы: F:/1amicorpus/loud
Модель: 4

F1-score
Среднее по датасету :0.30316302100060466
Объединенные результаты по датасету: 0.3144085547118265

              precision    recall  f1-score   support

           0       0.27      0.70      0.39      3972
           1       0.41      0.67      0.51     27796
           2       0.36      0.18      0.24     24365
           3       0.25      0.05      0.08     12694
           4       0.10      0.02      0.03      3097
           5       0.00      0.00      0.00         4
           6       0.00      0.00      0.00         0
           7       0.00      0.00      0.00         0
           8       0.00      0.00      0.00         0
           9       0.00      0.00      0.00         0
          10       0.00      0.00      0.00         0

    accuracy                           0.37     71928
   macro avg       0.13      0.15      0.11     71928
weighted avg       0.34      0.37      0.31     71928


Confusion matrix (Precision)
[[2.73101421e-01 1.22305831e-02 7.38957157e-03 1.55462185e-02
  4.93827160e-02 3.62903226e-02 1.21019108e-01 1.53409091e-01
  1.88679245e-01 3.27354260e-01 4.75362319e-01]
 [3.82263596e-01 4.12488069e-01 3.35187645e-01 3.13025210e-01
  2.09876543e-01 1.85483871e-01 1.59235669e-01 2.10227273e-01
  2.54716981e-01 2.64573991e-01 2.89855072e-01]
 [2.51151396e-01 3.57572529e-01 3.57771504e-01 3.32773109e-01
  3.24074074e-01 3.54838710e-01 3.12101911e-01 3.12500000e-01
  3.49056604e-01 2.15246637e-01 1.52173913e-01]
 [7.85889270e-02 1.77243568e-01 2.36383261e-01 2.49159664e-01
  3.17901235e-01 2.86290323e-01 2.92993631e-01 2.50000000e-01
  1.69811321e-01 1.56950673e-01 6.81159420e-02]
 [1.48946595e-02 4.03764622e-02 6.32680173e-02 8.94957983e-02
  9.87654321e-02 1.37096774e-01 1.14649682e-01 7.38636364e-02
  3.77358491e-02 3.58744395e-02 1.44927536e-02]
 [0.00000000e+00 8.87882622e-05 0.00000000e+00 0.00000000e+00
  0.00000000e+00 0.00000000e+00 0.00000000e+00 0.00000000e+00
  0.00000000e+00 0.00000000e+00 0.00000000e+00]
 [0.00000000e+00 0.00000000e+00 0.00000000e+00 0.00000000e+00
  0.00000000e+00 0.00000000e+00 0.00000000e+00 0.00000000e+00
  0.00000000e+00 0.00000000e+00 0.00000000e+00]
 [0.00000000e+00 0.00000000e+00 0.00000000e+00 0.00000000e+00
  0.00000000e+00 0.00000000e+00 0.00000000e+00 0.00000000e+00
  0.00000000e+00 0.00000000e+00 0.00000000e+00]
 [0.00000000e+00 0.00000000e+00 0.00000000e+00 0.00000000e+00
  0.00000000e+00 0.00000000e+00 0.00000000e+00 0.00000000e+00
  0.00000000e+00 0.00000000e+00 0.00000000e+00]
 [0.00000000e+00 0.00000000e+00 0.00000000e+00 0.00000000e+00
  0.00000000e+00 0.00000000e+00 0.00000000e+00 0.00000000e+00
  0.00000000e+00 0.00000000e+00 0.00000000e+00]
 [0.00000000e+00 0.00000000e+00 0.00000000e+00 0.00000000e+00
  0.00000000e+00 0.00000000e+00 0.00000000e+00 0.00000000e+00
  0.00000000e+00 0.00000000e+00 0.00000000e+00]]
Confusion matrix (Recall)
[[7.01661631e-01 1.38721047e-01 2.24068479e-02 9.31520645e-03
  8.05639476e-03 2.26586103e-03 4.78348439e-03 6.79758308e-03
  5.03524673e-03 1.83786506e-02 8.25780463e-02]
 [1.40343934e-01 6.68549432e-01 1.45236725e-01 2.68024176e-02
  4.89279033e-03 1.65491438e-03 8.99409987e-04 1.33112678e-03
  9.71362786e-04 2.12260757e-03 7.19527990e-03]
 [1.05191874e-01 6.61153294e-01 1.76852042e-01 3.25056433e-02
  8.61892058e-03 3.61173815e-03 2.01108147e-03 2.25733634e-03
  1.51857172e-03 1.97003899e-03 4.30946029e-03]
 [6.31794549e-02 6.29037340e-01 2.24279187e-01 4.67149835e-02
  1.62281393e-02 5.59319363e-03 3.62375926e-03 3.46620451e-03
  1.41799275e-03 2.75720813e-03 3.70253663e-03]
 [4.90797546e-02 5.87342590e-01 2.46044559e-01 6.87762351e-02
  2.06651598e-02 1.09783662e-02 5.81207620e-03 4.19761059e-03
  1.29157249e-03 2.58314498e-03 3.22893122e-03]
 [0.00000000e+00 1.00000000e+00 0.00000000e+00 0.00000000e+00
  0.00000000e+00 0.00000000e+00 0.00000000e+00 0.00000000e+00
  0.00000000e+00 0.00000000e+00 0.00000000e+00]
 [0.00000000e+00 0.00000000e+00 0.00000000e+00 0.00000000e+00
  0.00000000e+00 0.00000000e+00 0.00000000e+00 0.00000000e+00
  0.00000000e+00 0.00000000e+00 0.00000000e+00]
 [0.00000000e+00 0.00000000e+00 0.00000000e+00 0.00000000e+00
  0.00000000e+00 0.00000000e+00 0.00000000e+00 0.00000000e+00
  0.00000000e+00 0.00000000e+00 0.00000000e+00]
 [0.00000000e+00 0.00000000e+00 0.00000000e+00 0.00000000e+00
  0.00000000e+00 0.00000000e+00 0.00000000e+00 0.00000000e+00
  0.00000000e+00 0.00000000e+00 0.00000000e+00]
 [0.00000000e+00 0.00000000e+00 0.00000000e+00 0.00000000e+00
  0.00000000e+00 0.00000000e+00 0.00000000e+00 0.00000000e+00
  0.00000000e+00 0.00000000e+00 0.00000000e+00]
 [0.00000000e+00 0.00000000e+00 0.00000000e+00 0.00000000e+00
  0.00000000e+00 0.00000000e+00 0.00000000e+00 0.00000000e+00
  0.00000000e+00 0.00000000e+00 0.00000000e+00]]
