F1-score (weighted)
Среднее по датасету: 0.4071019084591925
Объединенные результаты по датасету: 0.46352687752931315

              precision    recall  f1-score   support

         0.0       0.17      0.59      0.27     34640
         1.0       0.68      0.63      0.65    220636
         2.0       0.31      0.09      0.14     78585
         3.0       0.10      0.02      0.03     19037
         4.0       0.02      0.03      0.02      3386

    accuracy                           0.47    356284
   macro avg       0.26      0.27      0.22    356284
weighted avg       0.51      0.47      0.46    356284


Confusion matrix (Precision)
[[0.17353152 0.06666372 0.0128616  0.01730372 0.01511413]
 [0.52852752 0.67918454 0.56544657 0.58961777 0.61551511]
 [0.21243842 0.21197824 0.31167243 0.27970041 0.27051203]
 [0.06822182 0.03820729 0.0955132  0.09607438 0.08096854]
 [0.01728073 0.00396621 0.0145062  0.01730372 0.01789019]]
Confusion matrix (Recall)
[[0.59486143 0.39157044 0.00880485 0.00193418 0.0028291 ]
 [0.28445041 0.62633931 0.06077431 0.01034736 0.01808862]
 [0.32100274 0.5488452  0.09405103 0.01378126 0.02231978]
 [0.42553974 0.40836266 0.11897883 0.01954089 0.02757787]
 [0.60602481 0.23833432 0.1015948  0.01978736 0.03425871]]
